$SPEC_ID:
No sample description was entered.
$SPEC_REM:
DET# 1
DETDESC# SPACESCIENCE4 digiBASE-RH SN 15121435
AP# Maestro Version 7.01
$DATE_MEA:
10/21/2025 11:57:52
$MEAS_TIM:
200 200
$DATA:
0 1023
       0
       0
       0
       0
       0
       0
       0
       0
       0
       0
       0
       0
       0
       0
       0
       4
      37
      70
      41
      61
      45
      44
      42
      48
      56
      71
      66
      99
      80
      96
     100
      98
     111
     121
     125
     109
     102
     122
     131
     147
     124
     119
     146
     137
     153
     145
     146
     132
     155
     171
     147
     137
     126
     109
     135
     137
     112
     123
     139
     127
     137
     144
     110
     121
     121
     124
     108
     123
     109
     106
     107
     110
      98
      89
      80
      78
      97
      92
      99
      90
      94
      87
      85
      98
      63
      74
      82
      85
      75
      69
      87
      79
      71
      63
      62
      70
      68
      64
      45
      53
      52
      52
      59
      49
      62
      59
      59
      50
      62
      50
      47
      52
      39
      42
      50
      42
      36
      38
      40
      38
      31
      33
      25
      41
      31
      29
      41
      46
      35
      42
      31
      20
      31
      25
      27
      31
      32
      27
      34
      27
      27
      25
      16
      27
      29
      25
      24
      29
      31
      25
      23
      28
      28
      27
      16
      23
      18
      22
      29
      20
      21
      14
      24
      18
      16
      28
      24
      22
      13
      13
      16
      21
       9
      21
       6
       8
      15
      14
      16
      11
      17
      15
       7
      10
      13
       8
      15
      11
      10
      12
      11
      12
      10
      19
      12
      14
      15
      12
      11
      14
      16
      15
       7
       6
       7
       8
      13
      15
       9
       7
       7
       8
      12
      10
      13
       9
       5
      12
      11
      11
      11
      10
       9
       8
       7
       6
       6
       5
      10
       3
      13
      10
       4
      16
      11
       9
       4
       5
      12
       6
       4
       9
       6
       5
      10
       7
       2
       6
      10
       5
       7
       4
       5
       4
       7
       8
      12
       9
      11
       9
      16
      12
       4
       7
       9
       5
      10
       8
      10
       6
       8
       5
       3
       4
       8
       7
       6
      11
       8
       9
       5
       8
       5
       3
      10
       5
       3
       8
       3
       6
       5
       6
       4
       7
       2
       6
       6
       3
       5
       5
       6
       2
       7
       9
       8
       5
       7
       3
       7
       3
       4
       6
       6
       4
       3
       4
       3
       5
       1
       6
       4
       4
       3
       0
       1
      10
       4
       1
       4
       5
       2
       5
       3
       3
       3
       5
       4
       3
       3
       5
       4
       3
       5
       2
       4
       5
       3
       5
       4
       4
       3
       2
       0
       3
       4
       5
       1
       2
       1
       2
       5
       3
       4
       3
       5
       3
       4
       3
       2
       7
       2
       2
       3
       2
       5
       4
       2
       2
       2
       4
       4
       3
       1
       2
       2
       2
       5
       1
       9
       7
       0
       4
       0
       3
       2
       1
       5
       2
       4
       6
       6
       6
       2
       3
       2
       3
       2
       5
       3
       2
       6
       2
       1
       4
       4
       5
       4
       4
       3
       7
       5
       4
       3
       5
       1
       1
       2
       3
       2
       2
       2
       3
       5
       1
       3
       1
       5
       1
       3
       0
       2
       0
       1
       1
       5
       1
       4
       4
       2
       3
       1
       2
       1
       0
       2
       3
       7
       4
       4
       0
       2
       2
       3
       2
       4
       0
       1
       3
       2
       1
       6
       1
       5
       2
       2
       3
       2
       1
       4
       3
       2
       0
       1
       3
       1
       3
       0
       1
       2
       2
       3
       1
       2
       2
       1
       1
       1
       2
       1
       2
       3
       5
       2
       1
       1
       0
       4
       4
       3
       1
       3
       2
       1
       1
       1
       5
       1
       0
       3
       4
       0
       2
       4
       0
       3
       1
       1
       4
       1
       1
       2
       3
       2
       0
       1
       2
       0
       1
       1
       0
       0
       2
       1
       2
       3
       0
       0
       1
       1
       1
       2
       0
       5
       2
       1
       2
       3
       4
       2
       0
       2
       1
       2
       1
       1
       0
       0
       3
       1
       1
       1
       1
       2
       2
       1
       1
       1
       0
       1
       2
       2
       0
       1
       0
       1
       3
       1
       2
       0
       1
       2
       1
       1
       0
       1
       4
       0
       1
       2
       3
       2
       3
       2
       3
       2
       1
       2
       3
       3
       1
       0
       1
       2
       4
       2
       3
       0
       3
       1
       3
       3
       5
       0
       2
       2
       8
       5
       1
       2
       1
       2
       4
       0
       3
       1
       1
       0
       2
       0
       1
       0
       2
       1
       0
       0
       0
       2
       0
       1
       0
       1
       0
       0
       0
       4
       0
       1
       0
       0
       2
       1
       0
       1
       2
       2
       3
       2
       2
       0
       3
       0
       0
       1
       1
       3
       0
       1
       0
       0
       2
       1
       0
       3
       0
       2
       1
       0
       0
       0
       1
       1
       1
       1
       3
       1
       0
       1
       1
       2
       0
       1
       1
       1
       0
       0
       2
       1
       3
       0
       1
       0
       1
       2
       0
       1
       0
       0
       2
       0
       0
       1
       0
       1
       0
       0
       0
       1
       1
       0
       1
       0
       0
       0
       1
       2
       0
       1
       0
       0
       0
       1
       3
       0
       1
       0
       1
       0
       0
       0
       4
       2
       1
       0
       0
       0
       1
       1
       0
       0
       1
       0
       0
       0
       1
       0
       0
       1
       0
       0
       0
       0
       0
       0
       1
       2
       0
       0
       0
       0
       0
       0
       1
       1
       0
       0
       0
       1
       0
       0
       1
       0
       0
       0
       0
       0
       0
       0
       0
       0
       0
       0
       1
       0
       1
       0
       0
       0
       0
       0
       0
       0
       0
       0
       0
       0
       0
       1
       0
       0
       0
       1
       1
       0
       0
       1
       1
       1
       0
       0
       0
       0
       0
       0
       0
       0
       0
       0
       0
       1
       0
       1
       0
       0
       0
       0
       0
       0
       1
       1
       0
       0
       0
       1
       0
       0
       0
       0
       0
       0
       0
       0
       0
       1
       0
       0
       1
       0
       0
       0
       1
       0
       0
       0
       0
       0
       0
       0
       0
       0
       0
       0
       1
       0
       0
       0
       0
       0
       0
       0
       0
       1
       1
       0
       0
       0
       0
       0
       0
       0
       0
       0
       0
       0
       0
       0
       1
       0
       1
       0
       0
       0
       1
       1
       0
       0
       0
       0
       0
       0
       0
       1
       0
       1
       0
       1
       0
       0
       1
       1
       0
       0
       0
       0
       0
       0
       0
       0
       0
       1
       0
       0
       0
       0
       1
       0
       0
       1
       0
       0
       0
       0
       0
       0
       0
       1
       0
       0
       0
       0
       1
       1
       2
       0
       0
       0
       0
       0
       0
       0
       1
       0
       0
       0
       0
       0
       0
       1
       0
       0
       0
       0
       0
       0
       1
       0
       0
       0
       0
       0
       1
       0
       1
       0
       1
       0
       0
       1
       0
       0
       0
       0
       1
       0
       0
       0
       0
       0
       0
       0
       0
       0
       0
       0
       0
       0
       0
       0
       0
       0
       0
       0
       0
       0
       0
$ROI:
0
$PRESETS:
None
0
0
$ENER_FIT:
-10.130505 2.230151
$MCA_CAL:
3
-1.013050E+001 2.230151E+000 -7.695740E-005 keV
$SHAPE_CAL:
3
6.128848E+000 7.994157E-002 -1.373380E-004
