$SPEC_ID:
No sample description was entered.
$SPEC_REM:
DET# 1
DETDESC# SPACESCIENCE4 digiBASE-RH SN 15121435
AP# Maestro Version 7.01
$DATE_MEA:
10/21/2025 12:07:42
$MEAS_TIM:
195 195
$DATA:
0 1023
       0
       0
       0
       0
       0
       0
       0
       0
       0
       0
       0
       0
       0
       0
       0
      64
    1141
    1781
    1352
     993
     636
     463
     332
     263
     314
     267
     306
     302
     317
     364
     409
     438
     480
     553
     612
     689
     782
     793
     843
     863
     819
     754
     688
     614
     547
     444
     438
     382
     301
     325
     274
     298
     311
     288
     286
     257
     271
     265
     264
     276
     291
     277
     320
     289
     289
     303
     272
     270
     297
     298
     290
     250
     329
     310
     259
     314
     254
     278
     281
     267
     269
     256
     247
     256
     244
     227
     250
     230
     197
     202
     213
     218
     203
     209
     207
     191
     161
     191
     172
     166
     146
     177
     154
     133
     149
     149
     133
     132
     128
     121
     143
     138
     129
     140
     138
     140
     148
     137
     169
     143
     169
     181
     154
     202
     176
     195
     176
     188
     192
     211
     208
     181
     183
     211
     199
     196
     190
     203
     192
     202
     204
     192
     205
     198
     171
     241
     230
     238
     230
     252
     268
     266
     275
     259
     303
     292
     315
     292
     332
     305
     314
     301
     290
     281
     278
     265
     220
     226
     217
     202
     173
     179
     158
     146
     151
     135
     135
     111
     104
      84
      94
      62
      74
      57
      55
      38
      52
      30
      46
      38
      32
      33
      31
      24
      16
      28
      24
      22
      21
      21
      16
      23
      17
      12
      11
      12
      13
      15
      18
      15
      10
      19
      11
      10
      14
      13
      11
      11
       8
       8
      11
       9
      10
       5
      17
      10
       5
      13
       7
      17
       7
      11
      10
       7
       8
       5
       2
      10
       5
       6
      11
       9
       5
       6
       7
       5
      10
      10
       8
      11
       9
       6
      10
       4
       7
      17
       5
       9
       8
       7
      13
      10
       6
       2
      12
       8
      10
       7
       9
       9
       5
       4
       8
      11
       9
       5
       9
       5
       7
       5
       4
      12
       8
       9
      12
      11
       7
       4
       8
       9
       5
       5
       6
       5
       7
       5
       5
       6
       8
       3
       8
       8
      10
       7
       8
       8
       6
       6
       5
       4
       4
       1
       6
       3
       3
       3
       1
       5
       3
       5
       6
       4
       2
       5
       2
       4
       7
       3
       3
       6
       7
       1
       5
       2
       1
       4
       7
       2
       1
       7
       2
       3
       4
       4
       5
       2
       3
       9
       1
       1
       4
       3
       3
       3
       1
       1
       2
       4
       4
       7
       3
       4
       2
       3
       2
       0
       3
       5
       4
       2
       3
       5
       2
       4
       3
       1
       4
       2
       4
       1
       3
       2
       3
       2
       2
       1
       3
       4
       5
       2
       5
       4
       6
       1
       3
       2
       3
       2
       9
       1
       5
       3
       4
       4
       6
       1
       0
       3
       0
       3
       7
       5
       2
       4
       2
       2
       1
       4
       3
       2
       2
       2
       3
       3
       3
       1
       1
       5
       4
       1
       1
       2
       3
       3
       2
       0
       3
       4
       3
       2
       0
       4
       3
       2
       0
       1
       6
       4
       1
       2
       1
       3
       3
       3
       3
       5
       5
       4
       2
       2
       2
       0
       3
       0
       3
       3
       3
       1
       1
       1
       2
       0
       4
       1
       3
       4
       1
       1
       1
       1
       1
       2
       1
       5
       2
       2
       4
       1
       3
       3
       2
       2
       0
       3
       1
       5
       4
       1
       1
       1
       5
       2
       1
       3
       2
       3
       3
       1
       1
       0
       4
       1
       3
       1
       2
       3
       0
       0
       1
       1
       1
       1
       1
       3
       2
       1
       1
       2
       2
       0
       5
       2
       1
       2
       2
       0
       2
       2
       1
       0
       1
       0
       1
       2
       0
       2
       0
       1
       0
       2
       2
       2
       3
       1
       1
       1
       2
       1
       3
       1
       1
       0
       3
       1
       0
       1
       0
       0
       1
       0
       3
       1
       0
       1
       1
       1
       3
       0
       0
       0
       0
       1
       1
       1
       2
       1
       1
       0
       1
       0
       2
       1
       4
       5
       2
       2
       1
       2
       2
       2
       3
       2
       2
       2
       1
       2
       2
       3
       3
       1
       0
       1
       1
       1
       1
       4
       1
       3
       1
       3
       2
       2
       0
       2
       3
       1
       2
       1
       0
       1
       2
       4
       1
       5
       4
       2
       2
       0
       2
       1
       0
       4
       0
       2
       0
       0
       2
       0
       3
       5
       0
       2
       2
       1
       1
       1
       2
       0
       0
       1
       3
       2
       0
       0
       1
       1
       0
       0
       1
       0
       2
       4
       1
       0
       2
       0
       0
       1
       2
       0
       3
       0
       0
       1
       2
       1
       1
       0
       0
       0
       0
       2
       1
       2
       0
       0
       0
       0
       1
       0
       1
       0
       1
       0
       0
       1
       0
       0
       0
       0
       0
       0
       0
       0
       2
       0
       0
       0
       0
       0
       0
       1
       0
       0
       0
       0
       2
       0
       0
       1
       1
       1
       0
       0
       1
       0
       1
       0
       0
       1
       1
       1
       2
       2
       0
       1
       1
       0
       2
       1
       1
       1
       0
       0
       3
       2
       0
       0
       1
       2
       0
       0
       0
       0
       0
       0
       0
       0
       0
       0
       0
       0
       1
       0
       0
       0
       2
       0
       0
       0
       0
       0
       0
       0
       1
       0
       0
       1
       1
       0
       0
       0
       0
       0
       0
       0
       1
       1
       1
       0
       0
       0
       1
       0
       0
       1
       0
       0
       1
       3
       0
       0
       1
       0
       1
       2
       0
       0
       0
       0
       0
       0
       0
       0
       0
       1
       0
       0
       0
       1
       1
       1
       0
       0
       1
       0
       0
       0
       0
       0
       1
       0
       0
       0
       0
       0
       1
       0
       0
       1
       0
       1
       1
       0
       0
       0
       0
       0
       1
       0
       0
       0
       0
       1
       0
       1
       1
       0
       0
       0
       0
       0
       0
       0
       1
       0
       0
       0
       0
       0
       1
       0
       1
       1
       0
       0
       0
       1
       0
       1
       2
       0
       0
       0
       0
       0
       0
       1
       0
       0
       2
       0
       0
       0
       0
       0
       0
       1
       0
       0
       0
       0
       2
       0
       0
       0
       0
       1
       1
       0
       0
       0
       0
       0
       1
       0
       0
       0
       0
       0
       0
       0
       0
       2
       1
       1
       0
       0
       0
       0
       0
       0
       0
       0
       0
       1
       0
       0
       0
       1
       0
       0
       0
       0
       0
       0
       0
       0
       1
       0
       0
       0
       0
       0
       0
       0
       0
       0
       0
       0
       0
       0
       0
       0
       0
       0
       0
       1
       0
       1
       0
       0
       1
       0
       0
       0
       0
       0
       0
       0
       1
       0
       0
       0
       0
       0
       0
       0
       0
       0
       0
       0
       0
       0
       0
       0
       0
       1
       0
       0
       0
       0
       0
       0
       0
       0
       0
       1
       0
       1
       0
       0
       1
       0
$ROI:
0
$PRESETS:
None
0
0
$ENER_FIT:
-10.130505 2.230151
$MCA_CAL:
3
-1.013050E+001 2.230151E+000 -7.695740E-005 keV
$SHAPE_CAL:
3
6.128848E+000 7.994157E-002 -1.373380E-004
