$SPEC_ID:
No sample description was entered.
$SPEC_REM:
DET# 1
DETDESC# SPACESCIENCE4 digiBASE-RH SN 15121435
AP# Maestro Version 7.01
$DATE_MEA:
10/21/2025 12:23:32
$MEAS_TIM:
134 134
$DATA:
0 1023
       0
       0
       0
       0
       0
       0
       0
       0
       0
       0
       0
       0
       0
       0
       0
       0
      28
      46
      39
      34
      34
      42
      49
      32
      58
      42
      42
      45
      43
      67
      85
      66
      62
      71
      78
      74
      90
      94
      89
      75
     102
     128
     114
      99
     115
      94
      93
     109
     127
     121
      99
     100
     108
      82
      82
     103
      92
      92
      92
      80
      69
      89
      81
      85
      80
      77
      76
      79
      70
      60
      63
      65
      67
      72
      77
      71
      73
      58
      63
      56
      58
      60
      60
      70
      44
      59
      48
      44
      54
      56
      45
      58
      50
      51
      41
      55
      45
      49
      51
      39
      34
      35
      41
      39
      36
      40
      30
      39
      39
      46
      30
      34
      33
      34
      38
      28
      37
      30
      29
      24
      36
      28
      25
      39
      29
      23
      29
      27
      29
      21
      25
      22
      32
      14
      24
      20
      25
      11
      18
      24
      25
      24
      22
      16
      10
      17
      22
      14
      22
      28
      18
      23
      13
      20
      24
      10
      18
      11
      17
      14
      14
      12
      19
      10
      16
      17
      12
       9
       9
      13
      11
      11
      17
      12
      15
      13
       9
      11
       7
       8
       6
      13
      11
      13
      13
      15
      10
       9
      10
      12
       7
       8
       4
      10
       7
      15
       9
       4
       9
       6
       9
      13
      16
      10
       9
       5
       7
       7
       7
       7
      13
       8
       6
       3
      10
       5
       7
      12
       8
      10
       4
       9
      11
       7
       9
       3
       7
       7
       4
      11
       5
       4
       4
       6
       4
      11
       5
       4
      13
       5
       4
       6
      11
       8
       6
       6
       8
       7
       4
       7
       6
       8
       8
       2
       5
       7
       5
       6
      13
      10
       7
       5
      10
       5
       5
       5
       3
       6
       8
       4
       7
      10
       2
       3
       6
       3
       4
       2
       9
       6
       2
       6
       2
       5
       4
       8
       5
       4
       3
       2
       1
       3
       4
       3
       3
       4
       6
       2
       8
       4
       6
       1
       4
       5
       7
       4
       6
       3
       1
       2
       1
       5
       2
       7
       5
       4
       3
       9
       2
       0
       4
       5
       3
       3
       4
       5
       6
       5
       1
       2
       3
       2
       5
       3
       5
       1
       6
       3
       6
       1
       3
       3
       3
       3
       3
       0
       4
       1
       5
       0
       4
       3
       3
       3
       2
       2
       3
       1
       5
       1
       5
       3
       4
       1
       0
       2
       4
       8
       4
       2
       4
       5
       1
       1
       3
       6
       5
       2
       3
       4
       3
       6
       1
       5
       4
       5
       2
       3
       5
       4
       0
       4
       4
       5
       6
       3
       5
       2
       3
       1
       3
       3
       1
       1
       4
       2
       5
       6
       4
       1
       4
       2
       2
       2
       4
       2
       2
       3
       0
       3
       3
       5
       2
       1
       1
       2
       6
       2
       3
       2
       3
       4
       1
       2
       0
       2
       3
       3
       5
       4
       3
       1
       0
       5
       4
       3
       2
       2
       0
       3
       6
       1
       6
       3
       1
       3
       3
       3
       3
       3
       5
       3
       6
       4
       2
       0
       2
       3
       3
       1
       2
       2
       2
       3
       2
       4
       6
       4
       2
       3
       1
       2
       5
       1
       4
       3
       3
       4
       2
       5
       1
       4
       1
       0
       3
       3
       3
       4
       3
       1
       2
       6
       5
       6
       5
       3
       5
       4
       2
       3
       6
       2
       2
       3
       0
       1
       5
       1
       2
       4
       1
       1
       7
       5
       3
       2
       4
       5
       5
       2
       0
       2
       1
       2
       1
       4
       2
       1
       1
       2
       2
       2
       4
       1
       2
       6
       5
       3
       4
       1
       3
       2
       5
       0
       4
       4
       2
       3
       1
       0
       0
       3
       1
       3
       4
       3
       5
       4
       4
       4
       1
       4
       3
       2
       4
       1
       2
       2
       1
       1
       3
       2
       2
       4
       1
       2
       6
       6
       3
       2
       0
       0
       3
       3
       2
       1
       0
       2
       1
       2
       1
       6
       1
       0
       3
       0
       1
       4
       1
       0
       1
       1
       2
       0
       2
       2
       1
       4
       2
       1
       0
       3
       3
       1
       0
       1
       2
       1
       1
       0
       0
       1
       1
       1
       1
       0
       2
       1
       1
       0
       1
       0
       3
       2
       1
       2
       1
       1
       2
       4
       0
       1
       0
       0
       1
       1
       2
       0
       1
       1
       1
       1
       1
       1
       0
       0
       0
       0
       0
       1
       0
       0
       0
       1
       1
       2
       0
       1
       0
       0
       1
       0
       0
       0
       0
       0
       0
       0
       1
       0
       0
       1
       0
       1
       0
       0
       0
       1
       0
       0
       1
       0
       3
       1
       0
       0
       0
       0
       0
       0
       0
       1
       0
       0
       1
       0
       0
       2
       0
       1
       0
       0
       0
       1
       0
       0
       0
       0
       1
       1
       0
       0
       1
       0
       0
       0
       1
       0
       0
       1
       0
       0
       0
       1
       0
       0
       0
       0
       0
       1
       0
       0
       0
       0
       0
       1
       0
       0
       0
       0
       0
       0
       1
       0
       1
       0
       0
       1
       0
       0
       0
       0
       0
       0
       1
       0
       0
       0
       0
       0
       1
       0
       0
       1
       0
       0
       0
       2
       2
       0
       0
       0
       0
       0
       0
       1
       0
       1
       0
       0
       0
       1
       0
       1
       1
       1
       0
       0
       0
       0
       0
       1
       0
       0
       0
       0
       1
       0
       1
       0
       0
       0
       0
       0
       0
       0
       0
       0
       0
       0
       0
       0
       0
       0
       0
       1
       0
       0
       0
       0
       0
       0
       0
       0
       1
       0
       0
       0
       1
       2
       0
       1
       0
       0
       0
       0
       0
       0
       0
       0
       0
       0
       1
       0
       0
       0
       1
       0
       1
       0
       0
       1
       0
       0
       1
       0
       0
       0
       1
       0
       0
       0
       0
       0
       0
       0
       1
       0
       0
       0
       0
       0
       0
       0
       0
       0
       0
       1
       0
       0
       0
       1
       0
       1
       0
       0
       0
       0
       2
       0
       0
       0
       0
       0
       0
       0
       0
       1
       0
       0
       0
       0
       0
       1
       0
       1
       0
       0
       1
       0
       0
       0
       0
       0
       0
       0
       0
       0
       0
       0
       0
       0
       0
       0
       0
       1
       0
       0
       0
       0
       0
       0
       0
       0
       0
       0
       0
       0
       0
       0
       0
       0
       0
       0
       0
       0
       0
       0
       0
       0
       0
       0
       0
       0
       0
       0
       0
       1
       0
       0
       0
       0
       1
       0
       0
       0
       1
       0
       0
       0
       0
       0
       0
       0
       0
       0
       1
       0
       0
       0
       0
       0
       0
       0
       0
       0
       0
       0
       0
       0
       0
       0
       0
       0
       0
       0
       0
       1
       0
       0
       0
       0
       1
       0
$ROI:
0
$PRESETS:
None
0
0
$ENER_FIT:
-10.130505 2.230151
$MCA_CAL:
3
-1.013050E+001 2.230151E+000 -7.695740E-005 keV
$SHAPE_CAL:
3
6.128848E+000 7.994157E-002 -1.373380E-004
