$SPEC_ID:
No sample description was entered.
$SPEC_REM:
DET# 1
DETDESC# SPACESCIENCE4 digiBASE-RH SN 15121435
AP# Maestro Version 7.01
$DATE_MEA:
10/21/2025 12:17:17
$MEAS_TIM:
73 73
$DATA:
0 1023
       0
       0
       0
       0
       0
       0
       0
       0
       0
       0
       0
       0
       0
       0
       0
      15
     303
     505
     423
     344
     277
     245
     228
     193
     160
     174
     149
     167
     172
     165
     169
     175
     180
     174
     201
     186
     213
     244
     217
     228
     217
     239
     223
     222
     233
     226
     230
     251
     258
     235
     271
     232
     262
     296
     250
     265
     275
     276
     269
     268
     265
     279
     283
     272
     271
     256
     256
     265
     273
     276
     265
     256
     259
     277
     284
     264
     263
     255
     283
     282
     307
     260
     305
     301
     300
     296
     286
     300
     304
     278
     332
     304
     314
     318
     273
     302
     296
     302
     292
     283
     294
     289
     255
     264
     258
     253
     256
     266
     275
     280
     278
     270
     207
     264
     229
     254
     257
     245
     237
     227
     195
     232
     243
     202
     214
     248
     208
     180
     204
     193
     226
     192
     203
     187
     189
     194
     185
     149
     168
     167
     157
     191
     165
     179
     155
     176
     165
     174
     170
     165
     163
     172
     154
     154
     152
     136
     149
     150
     168
     174
     161
     156
     154
     158
     187
     167
     158
     157
     152
     123
     140
     146
     140
     137
     160
     136
     164
     152
     148
     139
     152
     172
     155
     144
     135
     122
     163
     151
     146
     159
     129
     124
     145
     133
     134
     137
     129
     128
     120
     127
      97
     106
     113
     114
      76
      94
     103
      74
      87
      71
      84
      91
      72
      72
      73
      59
      50
      60
      54
      43
      59
      43
      50
      34
      38
      43
      39
      39
      42
      33
      40
      37
      26
      28
      33
      22
      24
      26
      26
      31
      35
      36
      36
      21
      28
      29
      34
      28
      33
      41
      34
      40
      40
      36
      39
      49
      50
      70
      67
      69
      68
      88
      85
     113
     103
     108
     134
     138
     147
     173
     181
     183
     209
     211
     256
     284
     303
     284
     321
     311
     335
     331
     362
     352
     371
     389
     368
     381
     385
     354
     374
     379
     345
     363
     381
     358
     296
     358
     317
     362
     279
     288
     279
     257
     219
     231
     218
     192
     187
     167
     177
     156
     144
     133
     143
     110
     114
      96
      77
      78
      69
      79
      75
      67
      78
      75
      71
      58
      71
      55
      51
      45
      34
      41
      37
      25
      31
      31
      28
      34
      22
      20
      21
      21
      11
      14
      14
      19
       9
      20
      12
       8
       6
      11
       9
       6
       7
       5
       7
       4
       5
       6
       5
       3
       2
       4
       4
       7
       3
       3
       5
       3
       3
       0
       1
       2
       1
       6
       4
       3
       4
       2
       2
       2
       0
       2
       1
       0
       0
       1
       1
       2
       3
       1
       0
       1
       1
       0
       1
       0
       1
       1
       3
       1
       2
       0
       1
       2
       2
       0
       0
       0
       1
       1
       3
       1
       1
       2
       1
       0
       0
       2
       3
       1
       0
       1
       2
       0
       0
       0
       1
       0
       1
       2
       1
       2
       0
       1
       0
       0
       0
       2
       0
       0
       0
       0
       0
       1
       2
       0
       1
       0
       1
       0
       3
       1
       1
       1
       0
       3
       0
       1
       0
       1
       0
       0
       4
       1
       0
       1
       1
       0
       0
       1
       1
       0
       0
       0
       2
       2
       0
       0
       3
       0
       0
       0
       0
       0
       0
       0
       0
       0
       1
       0
       0
       1
       0
       2
       1
       1
       1
       0
       0
       1
       1
       1
       1
       2
       0
       1
       3
       1
       0
       0
       1
       0
       0
       0
       2
       1
       1
       0
       0
       0
       1
       0
       1
       1
       0
       0
       0
       1
       0
       1
       0
       4
       1
       1
       0
       0
       0
       0
       0
       3
       3
       0
       0
       1
       2
       1
       1
       0
       0
       1
       0
       0
       0
       0
       0
       0
       0
       0
       1
       0
       0
       1
       0
       1
       1
       1
       0
       0
       0
       0
       0
       2
       1
       0
       0
       1
       0
       0
       1
       0
       0
       0
       1
       0
       0
       2
       0
       0
       0
       0
       1
       0
       1
       0
       0
       1
       3
       1
       0
       1
       0
       1
       0
       0
       1
       2
       0
       1
       0
       0
       0
       0
       0
       0
       0
       1
       1
       1
       0
       1
       0
       0
       0
       0
       0
       1
       0
       0
       0
       0
       1
       0
       1
       1
       3
       0
       0
       1
       0
       0
       0
       1
       0
       0
       2
       0
       0
       0
       0
       1
       1
       0
       0
       1
       0
       0
       0
       2
       1
       1
       2
       0
       0
       2
       1
       2
       1
       1
       0
       2
       1
       1
       0
       1
       1
       1
       0
       0
       2
       0
       1
       0
       0
       0
       0
       0
       0
       1
       1
       0
       0
       0
       1
       0
       0
       0
       0
       1
       0
       0
       0
       0
       0
       0
       0
       0
       0
       0
       0
       0
       1
       0
       0
       0
       0
       0
       0
       0
       0
       0
       0
       0
       1
       1
       0
       0
       0
       0
       0
       0
       1
       0
       0
       0
       0
       0
       0
       0
       0
       1
       0
       0
       0
       0
       0
       0
       0
       0
       0
       0
       0
       0
       0
       0
       0
       0
       0
       0
       0
       0
       0
       0
       0
       0
       0
       1
       0
       0
       0
       0
       1
       0
       0
       0
       1
       0
       0
       0
       0
       0
       0
       0
       1
       1
       0
       0
       0
       1
       0
       0
       0
       1
       0
       0
       0
       0
       0
       0
       0
       0
       0
       0
       0
       0
       1
       0
       0
       0
       0
       0
       0
       0
       0
       0
       0
       0
       0
       0
       1
       0
       0
       0
       0
       0
       0
       0
       0
       0
       0
       0
       0
       1
       0
       0
       0
       1
       0
       1
       0
       0
       0
       1
       0
       0
       0
       0
       0
       0
       0
       0
       0
       0
       0
       0
       0
       0
       0
       0
       0
       0
       0
       0
       1
       0
       0
       0
       0
       0
       0
       0
       0
       0
       1
       0
       0
       0
       0
       0
       1
       0
       0
       0
       0
       0
       0
       0
       0
       0
       0
       0
       1
       0
       0
       0
       0
       0
       0
       0
       0
       0
       0
       0
       0
       0
       0
       0
       0
       0
       0
       1
       0
       0
       0
       0
       0
       0
       0
       0
       0
       0
       0
       0
       0
       0
       0
       0
       0
       0
       0
       0
       0
       0
       0
       1
       0
       0
       0
       0
       0
       0
       0
       0
       0
       0
       0
       0
       0
       0
       0
       0
       0
       0
       0
       0
       0
       0
       0
       0
       0
       0
       0
       0
       0
       0
       0
       0
       0
       0
       0
       0
       0
       0
       0
       0
       0
       0
       0
       0
       0
       0
       0
       0
       0
       0
       0
       0
       1
       0
       0
       0
       0
       0
       1
       0
       0
       0
       0
       0
       0
       0
       0
       0
       0
       0
       0
       0
       0
       0
       0
       0
       0
       0
       0
       0
       0
       0
       0
       0
       0
       0
$ROI:
0
$PRESETS:
None
0
0
$ENER_FIT:
-10.130505 2.230151
$MCA_CAL:
3
-1.013050E+001 2.230151E+000 -7.695740E-005 keV
$SHAPE_CAL:
3
6.128848E+000 7.994157E-002 -1.373380E-004
