$SPEC_ID:
No sample description was entered.
$SPEC_REM:
DET# 1
DETDESC# SPACESCIENCE4 digiBASE-RH SN 15121435
AP# Maestro Version 7.01
$DATE_MEA:
10/21/2025 11:50:15
$MEAS_TIM:
200 200
$DATA:
0 1023
       0
       0
       0
       0
       0
       0
       0
       0
       0
       0
       0
       0
       0
       0
       0
       2
      36
      72
      55
      57
      49
      47
      50
      57
      52
      56
      74
      81
      74
      84
     100
     102
     110
     130
     110
     131
     115
     118
     132
     149
     133
     147
     131
     151
     153
     131
     126
     134
     156
     121
     135
     139
     136
     140
     111
     144
     134
     135
     126
     153
     109
     111
     101
     108
     100
     111
     107
     122
      93
      92
     104
      82
      97
      97
      95
      85
      91
      89
      80
      83
      87
      89
      82
      77
      68
      56
      61
      74
      56
      71
      53
      56
      52
      47
      60
      63
      74
      59
      61
      70
      62
      59
      65
      53
      61
      51
      54
      46
      59
      53
      44
      48
      40
      45
      35
      46
      36
      38
      50
      27
      29
      49
      35
      40
      20
      37
      34
      28
      24
      22
      36
      39
      26
      26
      32
      20
      29
      23
      31
      29
      28
      24
      22
      27
      26
      29
      23
      26
      20
      20
      21
      28
      20
      20
      29
      22
      20
      27
      18
      18
      20
      13
      16
      22
      15
      19
      17
      18
      15
      19
      16
      23
      15
      13
      13
      17
      18
      23
      11
      11
      15
      13
      14
      18
      10
       7
      16
       9
      14
      12
      11
      13
      12
      13
      12
       7
       8
       6
       6
      12
      11
      15
      12
      13
       5
       7
       6
      11
       8
       7
       7
       8
       8
      11
       5
      13
       9
      14
      13
       7
      10
       5
      12
       8
       5
       7
       9
       4
      14
      13
       7
       2
       5
      12
      11
       3
       8
       7
       7
       1
       8
       9
       6
       4
      11
       8
       8
       8
       6
      10
       8
       7
       6
       9
       2
       5
       9
       7
       8
       4
       7
      14
      10
       7
       8
       7
       5
       1
       4
       3
       6
       5
       8
       6
       4
       8
       2
       5
      10
       5
       5
       6
       7
       4
       6
       7
       8
       3
       6
       5
       9
       5
       4
       3
       7
       4
       3
       5
       5
       6
       7
       7
      10
       8
       7
       6
       2
       7
       2
       5
       5
       7
       3
       7
       2
       2
       4
       5
       3
       5
       3
       1
       3
       0
       6
       4
       6
       2
       3
       1
       6
       4
       2
       4
       6
       7
       2
       2
       8
       5
       5
       1
       2
       6
       3
       4
       3
       8
       2
       7
       8
       7
       7
       3
       4
       2
       5
       4
       5
       3
       1
       0
       3
       2
       3
       3
       4
       2
       4
       3
       1
       1
       2
       7
       3
       7
       7
       3
       3
       1
       2
       3
       5
       3
       3
       3
       4
       3
       4
       2
       5
       1
       3
       2
       3
       8
       3
       3
       3
       5
       0
       1
       3
       2
       3
       7
       1
       8
       5
       4
       8
       2
       5
       6
       1
       2
       2
       3
       3
       3
       1
       1
       3
       4
       5
       2
       1
       2
       1
       3
       3
       3
       5
       1
       1
       3
       1
       2
       0
       4
       1
       1
       1
       3
       1
       4
       2
       3
       1
       3
       3
       2
       3
       3
       1
       3
       0
       1
       3
       4
       3
       2
       3
       0
       4
       0
       2
       3
       1
       6
       2
       0
       3
       2
       4
       4
       2
       3
       2
       1
       2
       1
       1
       2
       4
       2
       2
       2
       4
       1
       3
       0
       2
       1
       2
       0
       4
       1
       5
       1
       1
       1
       1
       4
       0
       1
       2
       2
       2
       1
       4
       2
       1
       2
       1
       6
       1
       1
       0
       0
       2
       3
       3
       1
       1
       0
       3
       1
       3
       0
       2
       1
       1
       0
       2
       0
       1
       1
       2
       2
       1
       3
       2
       2
       2
       1
       0
       0
       1
       2
       1
       1
       2
       0
       2
       4
       1
       1
       0
       0
       2
       4
       2
       1
       0
       1
       1
       2
       1
       0
       3
       1
       2
       0
       2
       0
       3
       1
       2
       1
       2
       0
       1
       0
       0
       1
       4
       3
       0
       3
       2
       1
       3
       0
       1
       5
       1
       1
       3
       2
       3
       5
       2
       4
       5
       1
       1
       1
       6
       1
       4
       0
       3
       1
       2
       1
       4
       3
       5
       1
       2
       2
       1
       6
       2
       1
       1
       3
       2
       4
       4
       3
       0
       5
       0
       0
       2
       1
       2
       2
       3
       1
       1
       0
       2
       2
       0
       4
       1
       6
       1
       3
       2
       1
       1
       0
       1
       1
       2
       0
       1
       2
       1
       0
       0
       1
       0
       1
       1
       1
       1
       2
       1
       2
       0
       0
       1
       0
       0
       1
       3
       1
       2
       2
       0
       0
       1
       1
       1
       0
       1
       0
       0
       2
       1
       1
       1
       3
       1
       2
       0
       1
       1
       0
       3
       0
       0
       1
       1
       1
       1
       0
       3
       2
       0
       2
       0
       0
       0
       3
       0
       0
       0
       1
       0
       1
       0
       1
       1
       0
       1
       0
       0
       0
       0
       0
       2
       0
       0
       1
       0
       1
       2
       0
       1
       0
       0
       1
       0
       1
       2
       1
       0
       0
       1
       1
       0
       1
       0
       0
       0
       0
       0
       0
       1
       0
       0
       0
       0
       0
       1
       0
       0
       1
       0
       1
       0
       0
       0
       0
       0
       0
       0
       3
       0
       0
       0
       0
       0
       0
       0
       0
       0
       0
       1
       0
       0
       0
       0
       0
       0
       0
       0
       0
       0
       0
       0
       0
       0
       0
       0
       0
       1
       0
       0
       0
       0
       1
       1
       0
       0
       0
       0
       0
       0
       1
       0
       0
       0
       0
       0
       0
       0
       1
       1
       0
       0
       0
       0
       1
       0
       0
       0
       0
       1
       0
       0
       0
       0
       0
       1
       0
       0
       0
       0
       1
       0
       1
       1
       0
       0
       0
       0
       0
       0
       0
       0
       1
       0
       0
       0
       1
       0
       0
       0
       0
       0
       0
       1
       0
       0
       0
       1
       0
       0
       0
       0
       0
       1
       1
       1
       0
       1
       1
       0
       1
       0
       1
       0
       1
       0
       0
       0
       0
       0
       0
       0
       0
       0
       1
       1
       0
       0
       0
       0
       0
       1
       1
       0
       0
       0
       1
       0
       1
       0
       0
       0
       0
       0
       1
       1
       0
       0
       1
       1
       0
       0
       0
       0
       0
       1
       0
       0
       0
       0
       0
       0
       1
       0
       1
       0
       0
       0
       0
       0
       0
       0
       1
       0
       0
       0
       0
       0
       0
       0
       0
       1
       0
       0
       1
       0
       0
       0
       0
       0
       0
       0
       0
       0
       0
       0
       0
       0
       0
       0
       0
       1
       0
       0
       0
       0
       0
       0
       0
       1
       0
       0
       0
       0
       0
       0
       0
       0
       0
       1
       1
       0
       0
       0
       1
       0
       0
       0
       0
       0
       0
       0
       0
       0
       0
       0
       0
       0
       0
$ROI:
0
$PRESETS:
None
0
0
$ENER_FIT:
-10.130505 2.230151
$MCA_CAL:
3
-1.013050E+001 2.230151E+000 -7.695740E-005 keV
$SHAPE_CAL:
3
6.128848E+000 7.994157E-002 -1.373380E-004
