$SPEC_ID:
No sample description was entered.
$SPEC_REM:
DET# 2
DETDESC# SPACESCIENCE8 digiBASE-RH SN 15121449
AP# Maestro Version 7.01
$DATE_MEA:
10/28/2025 11:29:56
$MEAS_TIM:
200 201
$DATA:
0 1023
       0
       0
       0
       0
       0
       0
       0
       0
       0
       0
     309
    3329
    4185
    3688
    3035
    2309
    1699
    1265
     854
     751
     651
     586
     577
     616
     694
     751
     817
     875
     977
     978
    1128
    1178
    1165
    1157
    1195
    1106
    1130
     974
     870
     843
     689
     641
     549
     456
     413
     384
     331
     323
     280
     290
     265
     260
     296
     279
     264
     291
     261
     253
     273
     299
     322
     293
     282
     261
     280
     288
     287
     275
     277
     286
     276
     296
     281
     290
     274
     255
     280
     255
     265
     262
     243
     245
     230
     245
     250
     234
     235
     207
     203
     211
     213
     225
     197
     211
     177
     191
     181
     208
     181
     201
     185
     177
     162
     175
     177
     159
     210
     163
     168
     177
     186
     215
     180
     179
     186
     192
     243
     219
     241
     224
     248
     273
     269
     275
     318
     282
     274
     304
     320
     290
     293
     292
     333
     292
     286
     317
     315
     312
     356
     340
     348
     376
     340
     377
     377
     359
     401
     479
     465
     471
     481
     534
     507
     565
     561
     560
     567
     593
     574
     546
     590
     524
     518
     500
     512
     459
     413
     407
     385
     369
     340
     310
     273
     247
     225
     234
     188
     153
     157
     144
     133
     115
     100
     106
      82
      68
      60
      56
      43
      49
      39
      34
      28
      30
      32
      24
      28
      21
      30
      35
      28
      20
      20
      16
      14
      13
      18
      22
      12
      23
      20
      15
      19
      26
      15
      13
      18
      18
       9
      17
      23
      19
      11
      11
      13
      10
      14
       6
      19
      17
      14
      20
      13
      10
      15
      20
      17
       9
      17
       7
      18
      16
      12
       9
      12
       7
       8
      11
      22
      20
      15
      15
      15
      18
      12
      11
      16
      12
      14
      13
      10
      12
      14
      10
      14
      20
      15
      13
      12
      16
      20
       4
       8
      13
      21
      15
      24
      13
      15
      18
      14
      14
       9
      17
      17
      20
      13
      11
      12
      16
      17
       9
      11
       7
       9
      12
       9
      11
      18
       9
      11
      12
      11
       6
       8
       9
       9
      10
      18
       7
       7
      11
       5
      14
       8
       3
       6
       7
       4
       9
       7
       8
       8
       8
       5
       7
       6
       6
       6
       4
       3
       4
       4
       5
       8
       8
       9
       5
       9
       9
       7
       6
      12
       5
       9
       8
       3
       6
       3
       7
       7
      10
       8
       5
       3
       3
       7
       0
       2
       5
       5
       4
       5
       6
       1
       8
       2
      10
       5
       2
      10
       6
       9
       8
       3
       9
       9
       7
       4
       9
       4
       6
       6
       2
       3
       4
       3
       4
       8
       1
       6
       5
       4
       7
       5
      10
       5
       4
       2
       7
       5
       7
       6
       4
       5
       9
       3
       7
       7
       7
       4
       2
       6
       7
       5
       6
       5
       4
       5
       5
       4
       5
       3
       8
      10
       9
       1
       5
       6
       3
       6
       1
       2
       6
       7
       8
      11
      13
       3
       3
       8
       6
       5
       4
       4
       5
       4
       2
       6
       4
       3
       2
       4
       5
       6
       2
       3
       3
       7
       3
       3
       0
       6
       3
       1
       4
       2
       0
       3
       3
       5
       3
       5
       5
       6
       5
       4
       1
       4
       3
       2
       5
       6
       4
       3
       3
       5
       1
       2
       4
       7
       4
       4
       3
       2
       6
       1
       5
       3
       6
       4
       7
       2
       3
       1
       1
       4
       3
       4
       4
       4
       4
       3
       6
      12
       3
       3
       4
       0
       4
       2
       5
       5
       3
       3
       6
       0
       4
       6
       6
       2
       5
       5
       2
       2
       1
       1
       1
       2
       4
       1
       4
       6
       1
       4
       3
       3
       2
       2
       2
       2
       0
       1
       3
       4
       1
       1
       3
       3
       1
       2
       3
       3
       3
       2
       3
       2
       5
       3
       4
       2
       0
       4
       4
       3
       0
       3
       1
       1
       3
       4
       4
       2
       0
       3
       3
       2
       1
       0
       1
       3
       3
       1
       3
       1
       4
       0
       5
       2
       3
       2
       2
       4
       3
       1
       1
       0
       2
       3
       1
       5
       4
       1
       2
       8
       4
       4
       1
       4
       3
       6
       7
       5
       7
       4
       1
       4
       3
       4
       9
       6
       1
       6
       3
       9
       2
       7
       8
       2
      10
       6
       2
       6
       5
       5
       5
       9
       8
       5
       5
       5
       4
       8
       8
       9
       6
       8
       5
       7
       8
       9
       4
       7
      11
       5
       3
       2
      12
       8
      12
       7
       5
      11
       2
       4
       4
       7
       2
       5
       3
       2
       6
       8
       3
       6
       2
       0
       2
       3
       2
       1
       2
       2
       2
       4
       1
       3
       2
       1
       2
       1
       2
       1
       1
       3
       3
       1
       0
       2
       1
       0
       0
       1
       2
       1
       1
       1
       3
       0
       0
       2
       1
       0
       1
       0
       1
       0
       6
       1
       1
       2
       1
       0
       0
       0
       2
       0
       2
       0
       3
       1
       0
       1
       3
       1
       0
       0
       3
       1
       1
       2
       1
       1
       1
       1
       0
       2
       0
       0
       1
       1
       1
       1
       0
       1
       2
       0
       1
       2
       0
       1
       0
       1
       0
       2
       0
       2
       3
       0
       0
       2
       1
       4
       2
       0
       2
       1
       0
       2
       1
       2
       0
       0
       0
       1
       2
       2
       2
       3
       2
       1
       2
       1
       2
       0
       1
       1
       1
       3
       0
       1
       0
       2
       0
       0
       1
       2
       2
       0
       1
       0
       0
       0
       1
       3
       1
       0
       1
       0
       1
       1
       0
       0
       3
       0
       0
       1
       0
       2
       1
       1
       3
       0
       0
       0
       2
       0
       0
       0
       0
       0
       2
       0
       0
       0
       0
       0
       1
       0
       1
       0
       0
       1
       0
       0
       1
       0
       2
       1
       0
       1
       0
       0
       1
       0
       0
       1
       0
       0
       0
       0
       1
       1
       0
       0
       0
       1
       0
       0
       0
       0
       0
       0
       2
       1
       0
       0
       1
       1
       1
       0
       0
       2
       0
       0
       1
       0
       1
       0
       2
       0
       0
       0
       0
       0
       0
       0
       1
       0
       0
       0
       0
       2
       1
       0
       0
       1
       3
       1
       0
       1
       0
       0
       0
       0
       2
       1
       0
       0
       0
       0
       1
       2
       3
       1
       0
       0
       4
       0
       0
       0
       1
       2
       3
       0
       0
       1
       2
       0
       2
       0
       0
       2
       0
       1
       0
       1
       0
       1
       2
       0
       0
       4
       0
       0
       1
       1
       1
       0
       1
       0
       0
       0
       2
       0
       0
       0
       1
       1
       0
       0
       2
       0
       1
       0
       0
       0
       1
       0
       0
       0
       0
       1
       1
       0
       1
       0
       0
       1
       1
       0
       0
       0
       1
       1
       0
       0
       0
       1
       0
       1
       0
       0
       0
$ROI:
0
$PRESETS:
None
0
0
$ENER_FIT:
0.000000 2.205567
$MCA_CAL:
3
0.000000E+000 2.205567E+000 0.000000E+000 keV
$SHAPE_CAL:
3
0.000000E+000 0.000000E+000 0.000000E+000
