$SPEC_ID:
No sample description was entered.
$SPEC_REM:
DET# 2
DETDESC# SPACESCIENCE8 digiBASE-RH SN 15121449
AP# Maestro Version 7.01
$DATE_MEA:
10/28/2025 11:03:46
$MEAS_TIM:
200 200
$DATA:
0 1023
       0
       0
       0
       0
       0
       0
       0
       0
       0
       0
       6
      48
      64
      58
      75
      75
      88
      86
     101
     108
      97
     121
     109
     130
     168
     133
     153
     138
     175
     158
     192
     177
     184
     222
     206
     217
     173
     179
     170
     185
     184
     171
     175
     160
     169
     154
     146
     124
     124
     124
     123
     105
     123
     132
     108
     128
     100
     112
     135
     104
     106
     113
     104
     120
     105
      90
     112
     104
      96
      81
     104
      98
      78
     101
      88
      95
      88
      93
      83
      83
      97
      94
      96
      74
      78
      70
      67
      90
      74
      65
      76
      78
      79
      61
      70
      70
      63
      57
      36
      54
      66
      62
      58
      61
      53
      56
      64
      54
      49
      51
      57
      51
      54
      41
      41
      47
      39
      39
      58
      42
      46
      39
      47
      39
      51
      45
      53
      49
      48
      48
      42
      38
      32
      44
      44
      31
      28
      35
      35
      40
      34
      39
      34
      36
      28
      33
      40
      28
      39
      35
      31
      34
      37
      31
      26
      29
      31
      38
      27
      28
      30
      30
      31
      28
      32
      27
      23
      24
      26
      26
      20
      20
      27
      18
      21
      31
      14
      24
      24
      25
      28
      19
      13
      20
      26
      26
      20
      18
      14
      19
      14
      22
      21
      11
      17
      16
      18
      20
      16
      15
      25
      12
      17
      19
      20
      24
      15
      21
      13
      11
      23
      15
      17
      16
      15
      17
      20
      20
      18
       9
      16
      18
      18
      10
      22
      12
      23
       7
      27
      13
      12
      23
      16
      13
      16
      17
      14
      19
      16
      14
      20
       9
      17
      12
      18
      16
      17
      18
      15
      15
      15
      15
      17
      26
      17
      14
      18
      17
      16
      17
       8
      19
      20
      20
      15
      15
      25
      17
      17
      10
      13
      19
      24
      15
      18
      13
      32
      15
      21
      13
      23
      25
      22
      24
      18
      18
      25
      25
      22
      20
      19
      34
      23
      18
      14
      21
      16
      15
      23
      22
      19
      25
      16
      22
      27
      21
      25
      23
      16
      18
      17
      15
      19
      18
      16
      15
      12
      13
      11
      12
      15
      13
      10
       8
       8
      11
       6
      14
       9
       6
       6
      10
       9
       8
       6
       7
       5
       9
       1
       9
       9
       9
       8
       2
      13
       4
       3
      11
      11
       6
       3
       4
       5
       3
       4
       4
       9
       3
       7
       5
       4
       5
       6
       6
      10
       5
       5
       7
       6
      10
       7
       3
       5
       4
      10
       9
       4
       3
       5
       3
       4
       5
       6
      10
       5
       2
      10
       3
       8
       4
       5
       6
       4
       5
       7
       6
       9
       6
       4
       6
       8
       3
       2
       5
       6
       9
       2
       2
       6
       4
       4
       5
       3
       6
       6
      10
       8
       4
       8
      10
       7
       3
       5
       3
       8
       4
       3
       4
       4
       6
       3
       4
       4
       6
       1
       4
       4
       6
       7
       6
       6
       5
       7
       2
       7
       6
       7
       4
       3
       3
       5
       4
       7
       5
       1
       1
       2
       6
       3
       2
       6
       2
       6
       5
       2
       1
       3
       3
       1
       5
       1
       4
       4
       0
       6
       2
       4
       1
       3
       5
       2
       2
       1
       3
       4
       1
       3
       2
       1
       6
       2
       5
       4
       1
       2
       5
       2
       2
       3
       5
       1
       7
       3
       5
       5
       6
       4
       3
       5
       2
       5
       2
       3
       6
       4
       2
       4
       3
       4
       6
       1
       2
       2
       7
       0
       7
       7
       4
       2
       3
       9
       4
       4
       1
       1
       4
       2
       0
       7
       3
       4
       1
       1
       2
       0
       3
       1
       4
       2
       3
       1
       3
       0
       3
       1
       0
       4
       0
       2
       1
       2
       2
       3
       1
       3
       1
       6
       1
       3
       2
       3
       1
       0
       1
       2
       2
       2
       4
       3
       1
       0
       0
       3
       3
       2
       3
       2
       0
       4
       3
       1
       0
       5
       0
       1
       6
       1
       3
       0
       4
       3
       2
       1
       2
       2
       5
       1
       3
       1
       3
       2
       1
       1
       3
       1
       4
       3
       3
       3
       3
       3
       4
       3
       6
       3
       2
       3
       3
       1
       4
       6
       3
       2
       2
       5
       4
       3
       5
       7
       6
       4
      10
       3
       6
       6
       1
       3
       9
       6
       8
       7
       6
       8
       1
       7
       5
       1
       6
       5
       4
       7
      11
       6
       5
       7
       7
       8
       5
       7
       7
       6
       6
      10
       3
       6
       9
       8
       6
       5
       5
       3
       4
       5
       8
       5
       6
       5
       8
       4
       4
       2
       3
       2
       1
       6
       1
       2
       4
       4
      10
       7
       2
       1
       2
       2
       5
       5
       2
       0
       2
       2
       1
       0
       0
       2
       5
       1
       1
       1
       2
       0
       1
       2
       2
       1
       1
       0
       1
       0
       1
       1
       1
       1
       2
       2
       2
       0
       0
       0
       5
       0
       1
       1
       0
       0
       0
       0
       1
       3
       2
       0
       0
       1
       0
       0
       0
       1
       1
       1
       1
       0
       0
       0
       1
       1
       0
       1
       0
       0
       0
       3
       2
       0
       0
       0
       1
       2
       3
       1
       1
       4
       0
       0
       0
       1
       1
       2
       0
       1
       1
       1
       1
       1
       0
       1
       3
       1
       4
       4
       3
       1
       1
       2
       0
       0
       1
       3
       0
       0
       1
       0
       2
       4
       2
       1
       0
       2
       0
       3
       2
       2
       2
       1
       0
       4
       0
       1
       0
       0
       1
       1
       2
       0
       2
       1
       1
       0
       1
       0
       1
       0
       3
       3
       0
       1
       0
       2
       2
       1
       0
       0
       0
       0
       2
       0
       0
       1
       0
       0
       0
       0
       1
       0
       0
       1
       2
       1
       0
       0
       0
       1
       0
       0
       0
       0
       0
       0
       0
       0
       0
       1
       0
       0
       0
       0
       0
       1
       0
       0
       1
       2
       0
       1
       0
       2
       2
       0
       1
       0
       1
       0
       0
       0
       1
       0
       0
       0
       1
       0
       0
       1
       1
       2
       0
       0
       0
       0
       0
       0
       2
       0
       0
       0
       0
       0
       0
       0
       1
       0
       0
       0
       0
       1
       0
       1
       0
       0
       0
       0
       3
       1
       0
       1
       0
       0
       0
       0
       1
       0
       0
       0
       0
       1
       1
       1
       0
       0
       0
       1
       1
       0
       1
       2
       0
       1
       0
       0
       0
       0
       1
       0
       0
       0
       0
       1
       1
       0
       0
       1
       1
       0
       0
       1
       0
       0
       1
       1
       0
       0
       1
       0
       1
       0
       1
       0
       0
       0
       1
       0
       0
       0
       0
       1
       0
       0
       0
       0
       0
       1
       0
       1
       1
       0
       1
       0
       1
       0
       0
       0
       1
       0
       0
       1
       0
$ROI:
0
$PRESETS:
None
0
0
$ENER_FIT:
0.000000 2.205567
$MCA_CAL:
3
0.000000E+000 2.205567E+000 0.000000E+000 keV
$SHAPE_CAL:
3
0.000000E+000 0.000000E+000 0.000000E+000
