$SPEC_ID:
No sample description was entered.
$SPEC_REM:
DET# 1
DETDESC# SPACESCIENCE4 digiBASE-RH SN 15121435
AP# Maestro Version 7.01
$DATE_MEA:
10/21/2025 12:33:31
$MEAS_TIM:
78 79
$DATA:
0 1023
       0
       0
       0
       0
       0
       0
       0
       0
       0
       0
       0
       0
       0
       0
       0
      50
    1023
    1563
    1253
     962
     936
     980
    1360
    1717
    2315
    2973
    3608
    4090
    4286
    4409
    4239
    3787
    3132
    2507
    1800
    1282
     796
     557
     362
     222
     145
     106
      79
      60
      65
      72
      77
      71
      74
      53
      60
      63
      60
      57
      61
      58
      51
      57
      56
      46
      54
      51
      58
      58
      49
      41
      42
      60
      46
      47
      44
      36
      56
      44
      43
      29
      32
      41
      31
      28
      33
      28
      34
      31
      32
      30
      40
      24
      44
      36
      34
      30
      31
      19
      26
      28
      25
      32
      23
      21
      19
      25
      31
      29
      17
      26
      15
      14
      15
      19
      25
      20
      16
      18
      25
      14
      23
      12
       9
      23
      10
      12
      10
      15
      14
      16
      12
      12
      12
      19
      17
      15
      14
      10
      13
      10
       9
      15
      12
       9
       6
       7
      15
       8
      16
       9
      15
       7
       9
       8
      10
      12
       8
      11
       5
      11
       8
       8
       4
      10
       8
      11
       9
       7
       9
       5
       7
       3
       8
       7
       3
       4
       5
       5
       3
       4
       7
      13
       4
       8
       6
       5
       4
       6
       4
       7
       3
       5
       5
       3
       4
       3
       5
       5
       4
       4
       1
       5
       1
       4
       8
       7
       1
       3
       4
       3
       7
       3
       3
       4
      12
       6
       1
       2
       3
       2
       6
       5
       1
       3
       2
       4
       3
       5
       1
       4
       3
       3
       4
       1
       1
       4
       1
       3
       0
       1
       3
       4
       1
       6
       3
       5
       1
       4
       4
       6
       1
       6
       4
       1
       4
       3
       5
       5
       4
       1
       4
       4
       3
       5
       1
       3
       4
       3
       4
       1
       2
       2
       3
       3
       2
       3
       7
       1
       3
       2
       4
       2
       2
       0
       3
       2
       1
       4
       2
       7
       2
       1
       4
       2
       3
       1
       2
       4
       1
       1
       1
       1
       2
       1
       1
       2
       1
       1
       0
       2
       2
       1
       2
       5
       4
       0
       0
       0
       2
       1
       3
       4
       2
       1
       0
       3
       5
       3
       2
       2
       3
       3
       0
       0
       2
       1
       1
       0
       0
       2
       1
       0
       5
       0
       2
       1
       3
       4
       2
       1
       0
       0
       3
       0
       1
       0
       2
       1
       2
       2
       2
       2
       2
       4
       0
       2
       4
       0
       0
       2
       0
       2
       3
       1
       0
       1
       0
       0
       0
       2
       1
       1
       2
       2
       3
       0
       0
       2
       1
       4
       2
       0
       2
       1
       1
       2
       3
       2
       1
       1
       1
       1
       2
       1
       0
       1
       2
       3
       1
       1
       2
       0
       0
       1
       1
       1
       0
       3
       0
       3
       0
       0
       3
       1
       0
       0
       2
       0
       1
       4
       1
       0
       0
       0
       3
       1
       1
       0
       2
       2
       2
       1
       2
       0
       0
       2
       1
       1
       1
       1
       0
       2
       0
       0
       1
       1
       1
       3
       2
       0
       1
       0
       1
       0
       2
       1
       1
       1
       1
       1
       2
       1
       0
       1
       0
       0
       0
       3
       0
       3
       1
       1
       1
       3
       1
       0
       1
       1
       2
       2
       1
       1
       1
       0
       0
       1
       0
       1
       0
       1
       0
       1
       0
       1
       0
       1
       0
       0
       0
       0
       0
       0
       0
       1
       1
       1
       0
       0
       1
       1
       2
       0
       0
       0
       1
       0
       0
       1
       1
       0
       0
       0
       1
       1
       1
       0
       0
       0
       2
       0
       1
       0
       1
       1
       1
       0
       0
       2
       0
       0
       1
       1
       0
       0
       1
       1
       0
       0
       1
       1
       0
       0
       1
       0
       0
       1
       0
       0
       1
       0
       0
       0
       0
       0
       0
       0
       2
       1
       1
       0
       1
       0
       0
       1
       0
       0
       1
       1
       1
       0
       1
       0
       0
       0
       0
       0
       0
       0
       1
       3
       0
       1
       1
       0
       0
       0
       2
       0
       0
       1
       0
       1
       1
       1
       1
       1
       2
       1
       1
       0
       1
       0
       0
       1
       0
       0
       1
       0
       0
       0
       0
       2
       0
       0
       1
       0
       0
       0
       0
       0
       1
       2
       0
       0
       0
       0
       1
       2
       1
       0
       0
       1
       0
       0
       2
       0
       0
       0
       2
       1
       1
       0
       0
       2
       0
       1
       0
       0
       0
       1
       0
       0
       0
       1
       0
       0
       3
       0
       1
       0
       0
       0
       0
       0
       0
       0
       1
       1
       0
       0
       0
       1
       0
       0
       1
       0
       0
       0
       0
       0
       0
       1
       0
       2
       0
       0
       0
       0
       1
       1
       0
       0
       0
       0
       0
       0
       0
       0
       0
       1
       0
       0
       0
       1
       1
       1
       0
       0
       0
       0
       0
       0
       0
       0
       0
       0
       0
       0
       2
       0
       0
       0
       0
       0
       0
       0
       0
       0
       0
       0
       0
       0
       1
       0
       0
       0
       0
       0
       0
       1
       0
       1
       0
       1
       0
       1
       0
       0
       1
       0
       0
       0
       0
       0
       0
       0
       0
       0
       0
       0
       1
       1
       0
       1
       0
       0
       1
       0
       0
       0
       0
       1
       0
       0
       0
       0
       0
       0
       0
       0
       0
       0
       0
       0
       0
       0
       1
       0
       0
       0
       1
       1
       0
       0
       0
       0
       0
       0
       0
       0
       0
       0
       0
       0
       0
       0
       0
       0
       0
       0
       0
       0
       0
       0
       0
       0
       0
       0
       0
       0
       0
       0
       0
       0
       0
       1
       0
       0
       0
       0
       0
       0
       0
       0
       0
       0
       0
       0
       1
       0
       0
       0
       0
       0
       0
       0
       0
       0
       1
       0
       0
       0
       0
       0
       0
       0
       0
       0
       0
       0
       0
       0
       0
       0
       0
       0
       0
       1
       0
       0
       0
       0
       0
       0
       1
       0
       0
       0
       0
       0
       0
       0
       1
       0
       0
       0
       0
       0
       0
       0
       0
       0
       0
       1
       0
       0
       0
       0
       0
       0
       0
       0
       0
       0
       0
       0
       0
       0
       0
       0
       0
       0
       0
       0
       0
       0
       0
       0
       0
       0
       0
       0
       0
       0
       0
       0
       0
       0
       0
       0
       0
       0
       0
       0
       0
       1
       0
       0
       0
       0
       0
       0
       0
       1
       0
       0
       0
       0
       0
       0
       0
       0
       0
       0
       0
       0
       0
       0
       1
       0
       0
       0
       0
       0
       1
       0
       0
       0
       1
       0
       0
       0
       0
       0
       0
       0
       0
       0
       1
       0
       0
       0
       0
       0
       0
       0
       0
       0
       1
       0
       0
       0
       0
       0
       0
       0
       0
       0
       0
       0
       0
       0
       0
       0
       0
       0
       0
       0
$ROI:
0
$PRESETS:
None
0
0
$ENER_FIT:
-10.130505 2.230151
$MCA_CAL:
3
-1.013050E+001 2.230151E+000 -7.695740E-005 keV
$SHAPE_CAL:
3
6.128848E+000 7.994157E-002 -1.373380E-004
