$SPEC_ID:
No sample description was entered.
$SPEC_REM:
DET# 1
DETDESC# SPACESCIENCE4 digiBASE-RH SN 15121435
AP# Maestro Version 7.01
$DATE_MEA:
11/04/2025 11:34:28
$MEAS_TIM:
200 201
$DATA:
0 1023
       0
       0
       0
       0
       0
       0
       0
       0
       0
       0
       0
       0
       0
       0
       0
     209
    4504
    6819
    5700
    5163
    5442
    6122
    7586
    8998
   10737
   11824
   12711
   13314
   13153
   12138
   11005
    9510
    7954
    6187
    4776
    3541
    2600
    1850
    1376
     917
     685
     535
     389
     308
     284
     256
     252
     221
     194
     173
     156
     170
     174
     161
     143
     138
     132
     125
     149
     129
     128
     126
     123
     113
     125
     129
     116
      98
     109
      87
      85
      92
     113
      86
      84
      85
     103
      93
     100
      88
      70
      85
      68
     103
      64
     103
      78
      63
      74
      67
      66
      59
      73
      60
      47
      68
      57
      77
      70
      51
      47
      55
      58
      47
      57
      58
      63
      49
      52
      53
      43
      56
      38
      50
      48
      41
      41
      35
      45
      43
      36
      43
      37
      36
      25
      41
      25
      29
      25
      39
      31
      36
      30
      20
      32
      22
      33
      35
      30
      27
      24
      38
      22
      26
      23
      25
      29
      20
      19
      27
      24
      21
      17
      26
      27
      23
      16
      17
      23
      21
      25
      18
      22
      15
      26
      21
      17
      16
      16
      21
      10
      16
      15
      21
      14
      19
      13
      11
      12
      10
      11
      12
      10
      12
      13
      12
      10
       9
      15
       8
      10
      11
      13
      15
      10
       9
       9
       9
       8
      11
      14
       9
      11
      14
      10
       8
      10
      12
       5
       8
      12
       7
       8
       7
      15
       7
       7
      10
       4
       5
      11
       8
       9
       6
       8
       8
      10
      11
       7
       8
      12
       8
       5
       8
      11
       4
      13
       6
      10
      10
       8
      11
       3
       6
       7
       6
       6
       7
       3
       8
       6
       5
       3
       8
      12
       6
       7
       9
       9
      10
       6
       7
       7
       8
       9
       7
       7
       7
       6
       3
       9
       5
       9
       5
       5
       4
       7
       2
       3
       7
       3
       6
       7
       6
       8
       4
       4
       6
       6
       3
       7
       4
       4
       3
       5
       2
       6
       5
       6
       4
       4
       5
       7
       9
       4
       6
       6
       2
       5
       4
       3
       3
       4
       4
       5
       6
       3
       2
       2
       3
       6
       3
       8
       4
       7
       4
       0
       3
       5
       3
       1
       5
       4
       6
       9
       2
       3
       6
       4
       3
       7
       2
       4
       9
       4
       3
       7
       5
       4
       6
       4
       3
       3
       4
       6
       3
       3
       3
       4
       6
       2
       3
       7
       5
       2
       3
       6
       1
       7
       2
       1
       4
       2
       0
       3
       7
       5
       3
       6
       7
       3
       8
       2
       5
       4
       1
       2
       5
       0
       1
       7
       4
       3
       3
       3
       4
       3
       1
       3
       2
       2
       2
       6
       0
       4
       2
       2
       4
       4
       1
       4
       0
       0
       6
       5
       3
       4
       4
       7
       3
       2
       4
       4
       2
       2
       0
       2
       1
       4
       1
       2
       2
       2
       2
       1
       4
       4
       3
       3
       0
       3
       4
       2
       2
       3
       1
       4
       0
       2
       3
       3
       1
       1
       2
       2
       1
       4
       1
       4
       2
       1
       4
       1
       3
       3
       4
       2
       2
       2
       1
       2
       4
       1
       0
       2
       2
       1
       2
       1
       4
       2
       7
       3
       1
       2
       3
       1
       1
       2
       0
       2
       4
       1
       3
       2
       0
       3
       3
       4
       3
       1
       2
       2
       2
       2
       5
       2
       1
       4
       1
       1
       3
       1
       3
       3
       2
       0
       1
       2
       1
       2
       1
       2
       1
       1
       5
       2
       1
       2
       0
       1
       1
       2
       2
       0
       0
       3
       1
       1
       1
       1
       2
       1
       0
       1
       1
       3
       0
       1
       2
       2
       1
       2
       4
       2
       1
       0
       2
       0
       1
       0
       1
       2
       0
       2
       1
       2
       0
       0
       0
       3
       1
       2
       1
       3
       3
       3
       2
       0
       2
       2
       0
       2
       2
       3
       3
       0
       1
       1
       2
       1
       1
       1
       0
       3
       3
       1
       2
       1
       1
       0
       2
       0
       2
       1
       2
       2
       4
       2
       0
       2
       1
       1
       3
       1
       1
       0
       2
       1
       2
       0
       1
       3
       2
       1
       2
       0
       1
       0
       2
       1
       2
       3
       2
       0
       0
       2
       0
       1
       1
       0
       2
       2
       3
       0
       0
       0
       1
       3
       4
       1
       3
       1
       0
       2
       0
       0
       1
       2
       1
       2
       0
       0
       1
       4
       1
       0
       1
       1
       1
       1
       1
       0
       0
       1
       0
       0
       0
       1
       1
       2
       0
       0
       1
       1
       0
       1
       0
       2
       0
       1
       1
       0
       1
       1
       0
       1
       1
       0
       2
       0
       0
       0
       1
       2
       3
       0
       1
       1
       0
       0
       3
       0
       1
       0
       1
       0
       1
       2
       0
       0
       0
       1
       0
       1
       1
       0
       1
       1
       0
       0
       2
       1
       0
       2
       1
       0
       1
       0
       2
       3
       0
       0
       3
       0
       0
       1
       0
       1
       0
       0
       0
       0
       2
       0
       0
       0
       1
       1
       3
       0
       2
       1
       2
       1
       0
       1
       1
       0
       3
       0
       0
       1
       0
       0
       2
       2
       0
       0
       1
       0
       1
       1
       1
       1
       0
       0
       0
       1
       0
       1
       0
       0
       1
       0
       1
       1
       0
       1
       0
       0
       0
       1
       0
       1
       0
       0
       1
       0
       0
       0
       0
       0
       0
       0
       1
       0
       0
       0
       0
       0
       0
       0
       0
       0
       0
       0
       0
       0
       0
       0
       0
       0
       2
       0
       0
       0
       0
       0
       0
       0
       0
       1
       0
       0
       0
       1
       1
       0
       0
       0
       1
       0
       0
       0
       0
       1
       1
       0
       0
       0
       0
       0
       0
       0
       0
       0
       1
       0
       0
       0
       0
       0
       1
       1
       0
       0
       0
       0
       0
       0
       0
       0
       0
       2
       0
       0
       0
       0
       1
       0
       0
       0
       0
       0
       0
       0
       0
       0
       1
       0
       0
       0
       0
       1
       0
       0
       0
       0
       1
       1
       0
       0
       0
       0
       0
       0
       0
       0
       0
       0
       0
       0
       0
       0
       0
       0
       0
       0
       0
       0
       0
       0
       1
       0
       0
       0
       0
       0
       0
       0
       0
       0
       0
       0
       0
       0
       1
       0
       0
       0
       0
       0
       0
       0
       0
       0
       0
       1
       0
       0
       0
       0
       0
       0
       0
       0
       0
       0
       0
       1
       1
       0
       0
       0
       1
       0
       0
       0
       1
       1
       0
       0
       0
       0
       0
       0
       0
       0
       0
       1
       0
       1
       0
       0
       0
       0
       0
       0
       0
       0
       0
       1
       0
       0
       0
       0
       0
       0
       0
       0
       1
       0
       0
       0
       0
       0
       0
       0
       0
       0
       0
       0
       0
$ROI:
0
$PRESETS:
None
0
0
$ENER_FIT:
-10.130505 2.230151
$MCA_CAL:
3
-1.013050E+001 2.230151E+000 -7.695740E-005 keV
$SHAPE_CAL:
3
6.128848E+000 7.994157E-002 -1.373380E-004
