$SPEC_ID:
No sample description was entered.
$SPEC_REM:
DET# 1
DETDESC# SPACESCIENCE4 digiBASE-RH SN 15121435
AP# Maestro Version 7.01
$DATE_MEA:
11/04/2025 11:25:51
$MEAS_TIM:
200 200
$DATA:
0 1023
       0
       0
       0
       0
       0
       0
       0
       0
       0
       0
       0
       0
       0
       0
       0
     171
    2972
    4597
    3311
    2626
    2371
    2507
    3131
    3941
    5166
    6315
    7281
    8427
    8883
    8761
    8225
    7235
    5973
    4751
    3627
    2486
    1636
    1072
     774
     465
     328
     235
     196
     191
     185
     157
     156
     160
     183
     166
     122
     184
     160
     146
     144
     141
     144
     141
     129
     141
     126
     104
     118
      94
     105
     119
     108
      92
      98
     103
      85
      98
     102
      87
      84
      95
      88
      99
      72
      79
      76
      95
      89
      86
      76
      74
      86
      63
      69
      83
      68
      47
      69
      67
      75
      70
      62
      56
      58
      67
      45
      63
      64
      49
      65
      52
      42
      46
      57
      50
      51
      38
      33
      42
      51
      51
      39
      42
      41
      39
      37
      33
      46
      33
      21
      30
      37
      28
      37
      35
      27
      42
      33
      33
      25
      33
      24
      36
      27
      29
      26
      44
      32
      20
      30
      30
      24
      21
      28
      16
      20
      28
      23
      20
      20
      33
      23
      23
      23
      25
      18
      18
      18
      15
      23
       8
      15
      19
      20
      12
       7
      17
      19
      14
      20
      16
      14
      10
      21
      11
      16
      11
      11
      12
      13
      20
       8
       7
      15
      15
      12
      14
       9
      20
      10
      10
       9
      12
      12
       9
       6
       6
       8
      14
      12
       5
       8
      10
       8
      16
      12
       7
      14
       9
       6
       4
       8
      14
      14
      11
       6
       7
      10
       8
       6
       7
       9
      18
      18
       7
       7
       9
       9
      11
       8
       9
       9
       7
       8
       9
      18
       9
       9
      10
       3
       4
       9
       4
       4
       7
       7
      10
      11
       8
       7
       5
      15
       7
       7
       2
       6
       6
       4
      12
       9
       8
       6
       4
       6
       8
      12
       8
       6
       6
       7
       7
      10
       6
       9
       6
       5
       5
       9
      10
       3
      14
      11
       4
       6
       3
      10
       6
       6
       5
       3
       3
       2
       7
       7
       4
       3
       2
       5
       5
       3
       9
       3
       7
       2
       5
       2
       3
       2
       5
       4
       4
       3
       6
       5
       3
       4
       1
       6
       3
       2
       6
       7
       6
       4
       1
       6
       7
       3
       4
       2
       6
       3
       1
       1
       4
       2
       2
       1
       1
       3
       2
       3
       2
       6
       6
       6
       2
       2
       3
       5
       0
       3
       4
       4
       1
       3
       3
       5
       1
       4
       3
       4
       2
       3
       6
       0
       2
       4
       2
       4
       2
       2
       1
       3
       2
       2
       8
       6
       2
       0
       7
       6
       5
       3
       2
       5
       3
       4
       4
       3
       5
       6
       3
       3
       4
       5
       0
       4
       5
       0
       4
       4
       7
       3
       2
       4
       5
       0
       1
       3
       2
       2
       2
       1
       4
       4
       3
       5
       9
       2
       1
       3
       2
       1
       5
       5
       1
       3
       6
       5
       4
       4
       2
       3
       1
       4
       3
       2
       3
       3
       4
       3
       5
       3
       1
       1
       2
       4
       1
       1
       3
       2
       3
       2
       3
       6
       2
       5
       1
       4
       3
       2
       2
       0
       3
       3
       1
       2
       4
       1
       3
       1
       3
       2
       3
       4
       4
       3
       1
       3
       5
       2
       3
       2
       1
       3
       2
       6
       3
       1
       1
       5
       1
       4
       1
       0
       1
       0
       2
       0
       2
       0
       2
       3
       1
       0
       1
       0
       1
       2
       1
       2
       2
       3
       1
       0
       1
       1
       0
       1
       3
       0
       4
       4
       1
       0
       1
       2
       2
       3
       2
       1
       0
       2
       1
       1
       1
       2
       1
       1
       0
       1
       1
       2
       0
       1
       2
       0
       1
       1
       0
       0
       1
       1
       1
       1
       3
       1
       1
       0
       0
       1
       1
       4
       2
       0
       4
       1
       1
       2
       0
       0
       0
       0
       2
       1
       0
       1
       0
       3
       0
       0
       3
       0
       0
       0
       2
       3
       1
       3
       2
       2
       1
       2
       2
       3
       2
       2
       1
       1
       0
       3
       3
       2
       1
       5
       2
       1
       3
       3
       3
       3
       2
       1
       1
       3
       2
       1
       1
       2
       4
       0
       0
       0
       2
       1
       4
       2
       3
       0
       3
       2
       1
       3
       1
       0
       0
       0
       4
       1
       1
       1
       1
       1
       2
       0
       0
       1
       3
       1
       1
       0
       1
       1
       0
       3
       1
       1
       1
       3
       1
       2
       1
       2
       1
       0
       0
       0
       3
       2
       3
       1
       2
       0
       0
       1
       0
       0
       0
       2
       0
       2
       3
       1
       0
       0
       0
       1
       0
       3
       1
       0
       0
       0
       0
       1
       0
       0
       0
       2
       0
       0
       3
       0
       2
       0
       1
       2
       0
       0
       0
       2
       1
       1
       1
       1
       0
       0
       1
       0
       2
       1
       1
       0
       0
       0
       0
       0
       1
       0
       1
       0
       1
       0
       0
       2
       0
       0
       2
       2
       0
       0
       0
       1
       2
       0
       0
       0
       0
       3
       1
       0
       1
       0
       0
       0
       0
       2
       0
       0
       0
       0
       0
       0
       0
       1
       1
       0
       0
       0
       0
       0
       0
       1
       1
       1
       0
       0
       1
       0
       0
       0
       0
       0
       0
       1
       0
       0
       2
       0
       1
       0
       0
       0
       0
       0
       0
       0
       0
       0
       1
       1
       0
       1
       0
       0
       2
       1
       0
       0
       0
       0
       0
       0
       0
       0
       0
       0
       0
       0
       0
       0
       0
       0
       0
       0
       0
       0
       0
       1
       0
       1
       0
       0
       1
       0
       0
       0
       1
       0
       0
       0
       0
       0
       0
       0
       0
       0
       1
       0
       0
       0
       0
       0
       1
       0
       0
       0
       0
       1
       0
       0
       0
       0
       0
       1
       0
       0
       0
       0
       0
       0
       0
       1
       0
       2
       0
       0
       0
       0
       0
       0
       0
       0
       0
       0
       0
       1
       0
       0
       0
       0
       0
       1
       0
       0
       1
       0
       1
       0
       0
       0
       1
       0
       0
       0
       0
       1
       0
       0
       0
       0
       1
       1
       0
       0
       0
       3
       0
       0
       0
       0
       0
       1
       0
       0
       0
       0
       0
       0
       0
       0
       0
       0
       0
       0
       1
       0
       1
       0
       0
       1
       0
       0
       0
       0
       0
       0
       0
       0
       1
       0
       0
       0
       0
       0
       0
       0
       0
       0
       0
       0
       0
       0
       0
       1
       0
       0
       0
       0
       0
       0
       0
       0
       0
       0
       0
       0
       0
       0
       0
       1
       0
       0
       0
       0
       0
       0
       0
       0
       0
       0
       0
       0
       0
       0
       0
       0
       0
       1
       0
       0
       0
       0
       0
       1
       0
       0
       0
       1
       0
       1
       0
       0
       0
       0
       0
       0
       0
$ROI:
0
$PRESETS:
None
0
0
$ENER_FIT:
-10.130505 2.230151
$MCA_CAL:
3
-1.013050E+001 2.230151E+000 -7.695740E-005 keV
$SHAPE_CAL:
3
6.128848E+000 7.994157E-002 -1.373380E-004
