$SPEC_ID:
No sample description was entered.
$SPEC_REM:
DET# 1
DETDESC# SPACESCIENCE4 digiBASE-RH SN 15121435
AP# Maestro Version 7.01
$DATE_MEA:
11/04/2025 11:29:55
$MEAS_TIM:
201 202
$DATA:
0 1023
       0
       0
       0
       0
       0
       0
       0
       0
       0
       0
       0
       0
       0
       0
       0
     191
    3410
    5089
    4026
    3708
    3775
    4476
    5667
    7154
    8566
   10410
   11351
   12322
   12264
   11434
   10074
    8619
    6787
    5040
    3616
    2440
    1630
     977
     600
     419
     272
     234
     187
     197
     165
     173
     156
     197
     152
     175
     139
     169
     173
     154
     140
     136
     149
     125
     134
     120
     127
     116
     115
     118
     116
     121
     104
     113
     122
     109
      97
      95
      99
      84
     106
     104
      78
      86
      79
      88
      64
      79
      70
      82
      70
      80
      73
      69
      73
      68
      66
      78
      69
      65
      80
      56
      74
      61
      55
      61
      68
      49
      70
      56
      43
      64
      59
      40
      45
      43
      46
      50
      60
      48
      26
      43
      35
      46
      34
      43
      41
      25
      39
      40
      47
      32
      23
      39
      25
      28
      29
      36
      30
      24
      34
      32
      32
      30
      25
      22
      32
      18
      34
      30
      23
      21
      24
      24
      20
      31
      26
      19
      25
      25
      24
      15
      28
      26
      24
      20
      20
      16
      22
      20
      25
      21
      21
      11
      18
      19
      15
      21
      17
      12
      17
      10
      16
      20
      17
      18
      11
      13
      13
      14
      10
      13
       8
      14
       8
      11
      13
      11
      11
      16
      13
      11
      13
      14
      13
       9
      11
       8
      12
       8
      12
       8
       8
      16
      10
      10
       6
       7
       9
      10
      11
      14
       7
      13
       7
       5
      10
      10
      11
      10
       4
      11
       9
      11
       9
       4
       4
       7
      10
       6
       6
       6
       9
       7
       8
       6
      10
      13
       5
       3
       8
       6
       9
       8
       2
       8
       6
       8
       8
       4
       7
       7
       4
       9
       6
       8
       6
       9
       7
       8
       5
       8
       7
       8
       4
       8
       9
       2
       2
       3
       8
       4
      11
       7
       5
       7
       5
       3
       9
       3
       3
       9
       8
      12
       5
       2
       8
      13
       9
       8
       3
       7
       1
       6
       2
       8
       5
       4
       4
       9
       5
       4
       6
       3
       3
       4
       4
       9
       6
       7
       4
       3
       5
       6
       0
       2
       6
       4
       2
       5
       7
       4
       2
       5
       6
       3
       4
       3
       4
       0
       6
       4
       3
       2
       7
       1
       2
       0
       3
       2
       1
       5
       2
       3
       2
       5
       5
       3
       1
       2
       6
       3
       2
       2
       6
       1
       4
       1
       2
       1
       5
       1
       3
       4
       1
       1
       5
       3
       6
       3
       4
       4
       4
       2
       3
       2
       2
       6
       3
       1
       5
       3
       0
       3
       5
       5
       3
       2
       5
       5
       2
       4
       2
       2
       1
       4
       2
       3
       3
       3
       7
       3
       1
       3
       5
       3
       1
       2
       5
       3
       3
       0
       2
       8
       2
       2
       2
       2
       1
       3
       0
       1
       2
       6
       8
       1
       2
       6
       0
       3
       1
       3
       3
       2
       2
       6
       2
       3
       3
       0
       0
       2
       1
       4
       3
       1
       3
       0
       1
       1
       6
       2
       1
       1
       1
       2
       3
       2
       3
       2
       2
       2
       4
       3
       1
       5
       1
       2
       3
       2
       3
       5
       1
       1
       2
       1
       2
       7
       1
       2
       2
       2
       1
       4
       4
       1
       1
       3
       3
       2
       2
       2
       2
       2
       4
       5
       4
       1
       1
       1
       4
       1
       0
       3
       2
       1
       0
       2
       0
       2
       0
       1
       2
       2
       0
       2
       2
       1
       0
       2
       2
       3
       2
       2
       3
       0
       2
       3
       1
       1
       3
       4
       1
       2
       1
       0
       4
       1
       0
       0
       0
       0
       3
       2
       0
       1
       0
       0
       1
       3
       0
       3
       2
       2
       2
       1
       0
       1
       0
       1
       2
       0
       2
       0
       2
       0
       1
       1
       3
       2
       1
       2
       1
       0
       2
       0
       1
       0
       0
       0
       3
       3
       1
       3
       2
       1
       3
       0
       4
       1
       1
       0
       0
       0
       2
       1
       0
       2
       3
       2
       1
       1
       0
       4
       3
       1
       0
       3
       1
       1
       2
       2
       4
       2
       1
       0
       2
       3
       1
       1
       2
       2
       2
       0
       1
       1
       1
       1
       1
       3
       2
       1
       0
       3
       0
       1
       2
       1
       4
       0
       5
       1
       1
       1
       3
       1
       0
       3
       3
       0
       0
       0
       0
       2
       1
       2
       1
       2
       1
       1
       0
       1
       1
       1
       1
       1
       2
       1
       0
       1
       2
       0
       1
       1
       0
       2
       1
       1
       0
       2
       0
       0
       1
       0
       1
       3
       0
       1
       0
       1
       2
       1
       0
       2
       0
       0
       2
       0
       0
       0
       0
       0
       0
       0
       1
       1
       3
       0
       0
       0
       0
       1
       1
       1
       0
       1
       0
       0
       1
       3
       0
       0
       2
       0
       0
       1
       0
       0
       3
       1
       1
       0
       0
       0
       0
       0
       0
       1
       0
       1
       1
       0
       1
       0
       2
       0
       1
       0
       0
       1
       0
       0
       1
       0
       3
       1
       0
       0
       0
       1
       0
       1
       0
       1
       0
       0
       0
       1
       1
       1
       1
       0
       2
       2
       0
       1
       0
       0
       0
       1
       1
       1
       0
       0
       0
       0
       0
       2
       0
       0
       0
       0
       0
       0
       0
       0
       1
       0
       0
       0
       0
       1
       0
       0
       0
       2
       0
       0
       0
       0
       0
       0
       0
       0
       0
       0
       0
       0
       0
       1
       1
       0
       0
       0
       0
       0
       0
       0
       0
       0
       0
       1
       0
       0
       0
       0
       0
       0
       0
       0
       0
       0
       0
       1
       1
       0
       0
       2
       0
       1
       0
       0
       0
       0
       0
       0
       0
       0
       0
       0
       0
       0
       0
       0
       0
       1
       0
       0
       0
       0
       0
       0
       0
       0
       1
       0
       0
       0
       1
       0
       0
       0
       0
       0
       0
       0
       0
       0
       0
       1
       0
       1
       0
       0
       1
       0
       0
       2
       0
       0
       0
       0
       1
       1
       0
       1
       0
       0
       1
       0
       0
       0
       0
       0
       0
       0
       1
       0
       1
       0
       0
       0
       0
       0
       0
       0
       0
       0
       0
       0
       0
       1
       0
       2
       0
       0
       0
       0
       0
       0
       0
       0
       0
       0
       0
       1
       1
       0
       1
       0
       1
       2
       1
       0
       0
       0
       0
       1
       0
       0
       0
       0
       0
       0
       0
       0
       0
       1
       0
       0
       0
       1
       0
       0
       0
       0
       0
       0
       0
       2
       0
       0
       0
       0
       0
       0
       0
       1
       0
       0
       0
       1
       0
       2
       0
       0
       0
       2
       0
       0
       0
       0
       0
       0
       0
       1
       0
       0
       0
       0
       0
       0
       0
       0
       0
       0
       0
       0
       0
       0
$ROI:
0
$PRESETS:
None
0
0
$ENER_FIT:
-10.130505 2.230151
$MCA_CAL:
3
-1.013050E+001 2.230151E+000 -7.695740E-005 keV
$SHAPE_CAL:
3
6.128848E+000 7.994157E-002 -1.373380E-004
