$SPEC_ID:
No sample description was entered.
$SPEC_REM:
DET# 2
DETDESC# SPACESCIENCE8 digiBASE-RH SN 15121449
AP# Maestro Version 7.01
$DATE_MEA:
10/28/2025 12:16:59
$MEAS_TIM:
199 200
$DATA:
0 1023
       0
       0
       0
       0
       0
       0
       0
       0
       0
       0
     339
    3197
    4401
    4925
    6160
    8362
   11208
   14593
   18453
   22550
   26184
   28660
   30292
   30602
   30151
   27147
   23764
   19836
   16313
   12763
    9355
    6628
    4717
    3180
    2073
    1417
     920
     617
     446
     360
     334
     244
     229
     211
     218
     218
     187
     170
     144
     158
     151
     147
     165
     125
     149
     125
     108
     150
     121
     116
     118
     120
     122
     130
     122
      98
      91
      94
      93
      84
     115
      87
     115
      86
      86
      78
      80
     103
      84
      90
      89
     106
      66
      63
      85
      64
      76
      75
      81
      83
      55
      67
      73
      71
      53
      60
      71
      67
      61
      71
      69
      58
      67
      59
      73
      60
      69
      56
      58
      63
      45
      51
      51
      46
      52
      43
      50
      40
      48
      32
      52
      46
      48
      49
      41
      37
      44
      58
      29
      45
      47
      40
      41
      29
      47
      36
      46
      36
      27
      27
      36
      36
      31
      32
      36
      30
      41
      31
      27
      34
      32
      30
      31
      32
      26
      26
      25
      28
      24
      35
      25
      23
      31
      34
      27
      20
      26
      24
      19
      26
      22
      18
      30
      16
      14
      22
      28
      26
      19
      14
      18
      22
      24
      17
      15
      17
      19
      14
      16
      17
       8
      19
      14
      15
      23
      12
      12
      14
      13
      16
      20
      10
      20
      13
       8
      16
      12
      16
      15
      17
      20
      16
      15
      16
      21
      20
      16
      21
       5
      10
      19
      21
      14
      15
      17
      14
       9
      17
      17
      18
      16
       8
      10
      12
      22
      16
      12
      18
      15
      20
      15
      14
      11
      25
      10
      13
      17
      11
      19
      13
      19
      15
      18
      17
      21
      21
      15
      16
      26
      19
      17
      16
      17
      16
       8
      12
      12
      11
      16
      21
       9
      11
      11
      10
      13
      11
      12
      13
      10
       7
      11
      11
       9
      15
       6
      12
      15
       6
      14
      17
       9
      13
       8
      13
       9
       5
       5
      12
       4
       4
       4
      10
       8
       6
       9
      10
      13
       6
       5
       6
       8
      10
      13
       8
       8
       7
       4
       6
       7
       4
       7
       9
       5
      15
      12
       5
       9
       8
       4
       6
       9
       4
       9
       7
       8
       3
      12
       6
       5
       5
      10
       7
       7
      10
       9
       4
       7
       6
       6
       4
       9
       1
       5
       7
      11
      10
       5
       6
       9
       4
       6
       6
       5
       8
       6
       5
       8
       8
       4
       6
       5
       2
       3
       9
       3
       6
       6
       3
       6
       0
       6
       9
       5
      10
       6
       6
       8
       4
       2
       5
       5
       1
       4
       2
       6
       7
       5
      14
       9
       7
       3
       7
       5
       8
       8
      10
       5
       6
       6
       8
       9
       7
       5
       6
       7
       7
       4
       4
       3
       6
       5
      13
       8
       7
      14
       4
       6
       7
       3
       9
       7
       7
       9
       4
       0
       1
       6
       4
       5
       5
       2
       5
       1
       2
       3
       2
       2
       3
       1
       7
       3
       5
       0
       3
       5
       6
       7
       0
       6
       3
       2
       8
       1
       5
       5
       5
       4
       4
       5
       4
       3
       7
       3
       3
       3
       5
       4
       6
       6
       7
       2
       3
       2
       5
       6
       3
       9
       3
       5
       5
       5
       2
       6
       6
       6
       5
       5
       4
       2
       7
       4
       5
       5
       6
       1
       7
       4
       3
       7
       0
       3
       6
       4
       4
       3
       3
       3
       1
       2
       7
       5
       2
       4
       5
       3
       6
       5
       0
       1
       2
       7
       5
       1
       7
       3
       2
       4
       2
       0
       5
       5
       2
       3
       5
       1
       4
       3
       2
       1
       8
       4
       2
       2
       1
       5
       1
       3
       0
       2
       2
       2
       2
       2
       5
       2
       1
       3
       3
       0
       0
       2
       2
       2
       2
       2
       3
       2
       1
       3
       1
       0
       3
       2
       3
       1
       5
       1
       5
       3
       3
       3
       5
       0
       0
       4
       5
       2
       5
       4
       3
       0
       1
       4
       7
       3
       7
       4
       4
       4
       6
       4
       5
      10
       4
       3
       3
       6
       3
       8
       1
       4
       3
       8
       9
       9
       3
       9
       5
       5
       6
       6
       4
       6
       3
       8
       3
       3
       6
       6
       1
       7
       6
      10
       8
       9
       4
       3
       8
       6
       5
       6
       8
       4
       7
       9
       7
       8
       6
       5
       2
       3
       4
       1
       4
       6
       9
       5
       3
       4
       3
       2
       2
       0
       1
       3
       3
       3
       5
       2
       3
       2
       2
       2
       4
       1
       3
       3
       4
       1
       3
       4
       1
       0
       4
       2
       1
       2
       0
       1
       1
       0
       0
       2
       1
       1
       0
       3
       2
       1
       0
       0
       1
       3
       2
       1
       0
       2
       1
       2
       0
       1
       1
       0
       0
       0
       0
       2
       0
       1
       0
       1
       2
       2
       2
       0
       0
       1
       1
       1
       1
       1
       1
       0
       2
       1
       2
       0
       2
       1
       1
       2
       1
       2
       3
       2
       1
       2
       1
       2
       3
       2
       0
       1
       1
       1
       0
       2
       3
       0
       0
       4
       1
       0
       4
       0
       2
       2
       3
       1
       0
       0
       0
       1
       2
       2
       3
       0
       1
       1
       1
       3
       2
       2
       2
       1
       3
       0
       0
       2
       2
       2
       1
       1
       1
       0
       0
       1
       1
       0
       0
       0
       0
       0
       0
       0
       2
       1
       1
       0
       0
       0
       0
       1
       1
       1
       1
       0
       1
       1
       0
       0
       0
       0
       0
       0
       0
       0
       0
       0
       1
       0
       0
       0
       1
       0
       0
       1
       0
       0
       0
       0
       1
       1
       0
       1
       2
       0
       1
       0
       0
       1
       0
       0
       0
       1
       1
       1
       1
       0
       3
       0
       0
       0
       0
       0
       1
       1
       0
       1
       0
       1
       0
       0
       0
       0
       0
       2
       0
       0
       0
       0
       1
       0
       0
       1
       0
       0
       2
       0
       0
       1
       0
       2
       0
       0
       0
       1
       0
       0
       0
       0
       1
       0
       0
       1
       0
       1
       0
       1
       0
       0
       1
       1
       0
       0
       0
       0
       0
       1
       1
       3
       0
       0
       0
       1
       0
       1
       1
       0
       0
       0
       2
       1
       0
       0
       1
       0
       0
       0
       0
       1
       0
       0
       1
       1
       0
       0
       0
       1
       1
       3
       1
       2
       0
       0
       0
       0
       0
       0
       2
       2
       0
       0
       0
       0
       0
       3
       0
       0
       1
       0
       0
       0
       0
       1
       1
       1
       2
       0
       1
       1
       1
       1
       0
       0
       1
       0
       1
       1
       0
       1
       1
       0
       1
       3
       0
       0
       0
       1
       0
       0
       0
       1
       0
       0
       1
       0
       0
       0
       0
       1
       0
       0
       0
$ROI:
0
$PRESETS:
None
0
0
$ENER_FIT:
0.000000 2.205567
$MCA_CAL:
3
0.000000E+000 2.205567E+000 0.000000E+000 keV
$SHAPE_CAL:
3
0.000000E+000 0.000000E+000 0.000000E+000
