$SPEC_ID:
No sample description was entered.
$SPEC_REM:
DET# 2
DETDESC# SPACESCIENCE8 digiBASE-RH SN 15121449
AP# Maestro Version 7.01
$DATE_MEA:
10/28/2025 11:08:13
$MEAS_TIM:
200 201
$DATA:
0 1023
       0
       0
       0
       0
       0
       0
       0
       0
       0
       0
     339
    3123
    3596
    3865
    4673
    5944
    7587
    9972
   12814
   15647
   18413
   21124
   22871
   24340
   23733
   22518
   20673
   18172
   15417
   12304
    9663
    6976
    5167
    3645
    2487
    1637
    1105
     726
     498
     403
     335
     276
     233
     205
     202
     212
     201
     177
     172
     186
     160
     153
     146
     135
     154
     133
     130
     136
     126
     122
     113
     123
     127
     125
      99
     112
     130
      97
      89
     105
      99
      85
      96
      97
      97
      96
      91
     114
      68
      81
      60
      93
      99
      83
      68
      73
      77
      68
      82
      66
      65
      72
      55
      78
      69
      78
      68
      75
      61
      68
      71
      47
      50
      56
      56
      57
      61
      42
      66
      48
      56
      66
      56
      58
      51
      51
      48
      57
      43
      55
      51
      42
      52
      39
      54
      47
      44
      43
      33
      52
      41
      49
      38
      37
      32
      34
      45
      34
      41
      32
      36
      33
      30
      32
      27
      37
      41
      38
      25
      45
      34
      29
      29
      28
      29
      35
      26
      25
      32
      33
      42
      28
      31
      23
      28
      31
      34
      26
      18
      21
      19
      25
      27
      25
      29
      21
      32
      23
      25
      28
      21
      24
      27
      21
      18
      21
      17
      17
      18
      17
      20
      21
      18
      16
      16
      14
      25
      20
      22
      15
      18
      19
      15
      18
      21
      11
      22
      16
      15
      16
      15
      17
      17
      21
      14
      20
      13
       9
      14
      11
      16
      12
      22
      14
      15
      15
      15
      17
      16
      17
      16
      13
      18
       8
      18
      13
      18
      19
      23
      11
      12
      13
      17
      24
      14
      10
      15
      16
      21
      14
      14
      14
      12
      13
      13
      15
      17
      15
      17
      15
      17
      19
      12
      16
      14
      16
      14
      18
      13
      17
      12
      14
      13
      11
      15
      14
      19
      11
      22
      15
      17
      20
      15
      16
      20
      18
      18
      21
      15
       9
      16
      22
      21
      11
      14
      14
      13
      14
      11
      15
      13
      15
      16
      13
       9
       7
       9
       8
      18
       9
       7
      13
      11
      10
      14
      10
      10
       4
       6
      12
       7
       6
      10
       6
       9
       5
       9
      13
       7
      10
       8
       4
       8
      10
       6
       6
       6
       6
       5
       6
       7
       8
       5
       9
       7
       2
       4
      10
       1
       5
       7
       7
       7
       4
       4
      13
       7
       5
       7
       7
       3
       5
       2
       4
       5
       7
       8
      10
      10
       2
       4
       4
       4
       4
       7
       2
       3
       4
       5
       5
       5
       3
       7
       5
       4
      11
       6
       9
       6
       7
       4
       3
       7
       7
       4
       4
       6
       6
       3
       6
       2
       4
       1
       7
       5
       4
       1
      11
       0
       3
       3
       4
       3
       7
       7
       7
       5
       8
       5
       9
       4
       4
       7
       9
       7
       8
       3
       6
       5
       6
       4
       8
       4
       7
       5
       6
       3
       6
       3
       6
       2
       4
       2
       4
       6
       4
       8
       7
       5
       3
       5
       3
       4
       3
       3
       1
       3
       1
       5
       1
       3
       3
       6
       5
       3
       2
       3
       5
       2
       7
       3
       6
       6
       5
       3
       4
       3
       7
       3
       4
       4
       2
       1
       3
       3
       3
       2
       1
       1
       1
       3
       6
       4
       2
       6
       3
       2
       6
       9
       5
       3
       9
       3
       2
       4
       5
       4
       5
       4
       3
       1
       1
       3
       6
       4
       3
       4
       1
       4
       4
       2
       2
       1
       4
       2
       3
       4
       3
       8
       5
       2
       4
       4
       6
       4
       6
       5
       3
       4
       3
       1
       1
       3
       1
       3
       2
       4
       2
       1
       3
       1
       2
       6
       3
       0
       3
       1
       3
       2
       2
       3
       2
       0
       1
       3
       3
       3
       3
       4
       0
       5
       4
       2
       1
       1
       2
       5
       4
       0
       2
       2
       3
       4
       2
       2
       2
       1
       1
       1
       1
       3
       1
       2
       2
       2
       2
       2
       3
       1
       4
       2
       6
       3
       2
       4
       4
       1
       4
       0
       1
       1
       6
       1
       4
       2
       1
       3
       2
       6
       0
       5
       3
       3
       8
       2
       3
       5
       1
       4
       6
       5
       3
       2
       2
       5
       5
       4
       6
       1
       4
       4
       2
       1
       1
       6
       8
       5
       7
       4
       7
       8
       5
       7
       5
       5
       7
       7
       8
       7
      12
       9
       7
       2
       9
       8
      10
       6
       4
       7
       7
      10
       4
      10
       5
       6
       3
       6
       5
       1
       3
       3
       3
       8
       4
       3
       3
       8
       3
       5
       2
       1
       3
       5
       4
       2
       2
       1
       4
       2
       1
       2
       4
       5
       1
       1
       1
       0
       4
       1
       3
       2
       2
       3
       2
       1
       3
       2
       0
       3
       1
       0
       0
       3
       1
       1
       1
       1
       3
       1
       3
       0
       2
       0
       3
       1
       2
       2
       1
       1
       1
       0
       1
       3
       1
       0
       0
       0
       0
       0
       0
       1
       1
       1
       0
       1
       1
       0
       0
       0
       1
       1
       0
       1
       1
       1
       1
       1
       5
       0
       0
       1
       1
       0
       3
       1
       3
       1
       0
       1
       2
       3
       0
       3
       1
       0
       1
       2
       2
       2
       1
       0
       1
       2
       1
       1
       1
       2
       1
       2
       3
       1
       2
       0
       3
       2
       0
       1
       1
       2
       2
       0
       1
       0
       0
       2
       2
       2
       1
       1
       0
       0
       0
       0
       1
       0
       2
       1
       0
       0
       3
       1
       0
       3
       1
       0
       1
       2
       0
       3
       1
       2
       1
       1
       2
       3
       0
       0
       1
       0
       3
       2
       0
       0
       1
       0
       1
       0
       0
       1
       0
       1
       0
       0
       1
       0
       0
       0
       0
       0
       0
       0
       0
       0
       0
       1
       1
       0
       0
       1
       1
       1
       0
       1
       0
       0
       0
       0
       0
       0
       0
       0
       1
       0
       2
       0
       0
       0
       0
       1
       1
       0
       0
       1
       1
       0
       0
       0
       0
       0
       0
       0
       0
       0
       0
       1
       0
       0
       0
       0
       1
       0
       0
       0
       1
       0
       0
       0
       0
       0
       2
       1
       0
       0
       1
       0
       0
       0
       0
       1
       2
       0
       0
       0
       1
       1
       1
       0
       1
       0
       0
       0
       1
       0
       0
       1
       0
       1
       1
       0
       0
       0
       0
       0
       0
       0
       0
       0
       1
       0
       0
       0
       0
       1
       0
       2
       0
       0
       1
       0
       0
       0
       1
       0
       1
       0
       0
       0
       0
       1
       0
       1
       0
       1
       1
       0
       0
       0
       0
       1
       1
       0
       1
       0
       0
       1
       0
       0
       0
       0
       0
       1
       0
       1
       1
       0
       1
       0
       0
       2
       0
       1
       0
       0
       1
$ROI:
0
$PRESETS:
None
0
0
$ENER_FIT:
0.000000 2.205567
$MCA_CAL:
3
0.000000E+000 2.205567E+000 0.000000E+000 keV
$SHAPE_CAL:
3
0.000000E+000 0.000000E+000 0.000000E+000
