$SPEC_ID:
No sample description was entered.
$SPEC_REM:
DET# 2
DETDESC# SPACESCIENCE8 digiBASE-RH SN 15121449
AP# Maestro Version 7.01
$DATE_MEA:
10/28/2025 12:21:20
$MEAS_TIM:
198 200
$DATA:
0 1023
       0
       0
       0
       0
       0
       0
       0
       0
       0
       0
     377
    3885
    5060
    5790
    7413
   10199
   13892
   18139
   22507
   27394
   31937
   34842
   36492
   36028
   34249
   31163
   26930
   22109
   17701
   13540
    9802
    6805
    4684
    3194
    2074
    1332
     828
     628
     472
     363
     315
     266
     270
     228
     224
     248
     184
     186
     163
     152
     174
     168
     134
     137
     143
     148
     119
     136
     129
     119
     104
     115
     109
      91
     103
      99
     119
      97
      99
      95
      94
     104
      77
      73
     106
      74
      95
      74
      89
      78
      98
      75
      69
      70
      92
      70
      73
      76
      48
      81
      76
      71
      69
      60
      74
      61
      60
      58
      52
      53
      42
      41
      50
      61
      45
      56
      63
      56
      44
      57
      50
      46
      48
      45
      38
      60
      54
      57
      47
      50
      46
      56
      41
      42
      43
      42
      38
      36
      29
      42
      45
      33
      37
      46
      33
      38
      44
      43
      32
      35
      38
      25
      50
      27
      37
      25
      25
      33
      45
      30
      32
      28
      33
      26
      29
      23
      33
      24
      32
      27
      22
      27
      40
      16
      31
      13
      14
      32
      17
      17
      25
      22
      25
      20
      17
      25
      19
      21
      17
      22
      22
      17
      20
      19
      22
      20
      17
      14
      13
      21
      16
      12
      14
      18
      14
      21
      22
      20
      19
      13
      18
      12
      15
      12
       9
      17
      13
      19
      22
      12
      14
      15
      14
      12
      13
      18
      17
      11
      15
      18
      16
      12
      11
      16
      17
      13
      13
      14
      15
      21
      19
      18
      14
      11
      15
       8
      16
      15
      11
      16
      16
      11
       8
      14
       8
      12
      13
      17
      12
      15
      18
      13
      15
      18
      17
      11
      20
      16
      11
      11
      19
      15
      10
      16
      17
      19
      18
      16
      12
      17
      11
       9
      13
      15
      15
      12
      11
      11
      16
      12
       8
      11
      10
       9
       7
       7
       9
       7
       7
       8
      11
       7
       8
       8
      13
      12
       9
       7
       9
       4
       7
       5
       9
       8
       9
      10
       4
       6
       9
       5
      10
       9
      10
       5
       2
       2
       6
      10
      11
       3
       9
       6
       6
      13
       4
       6
       5
      12
       5
       3
       9
       6
      10
       7
       9
       9
       8
       7
       5
       4
      10
       6
       5
       4
       2
       8
       6
       6
       5
       6
       3
       3
       8
       7
       5
       4
       4
       7
       3
       9
       0
       4
       2
      10
       8
       4
       6
       6
       7
       2
       3
      10
       6
       6
       6
       9
       4
       4
       4
       3
      11
       3
       3
       3
       5
       8
       3
       5
       4
       5
      13
       7
       6
       7
       3
       7
       6
       2
       4
      13
       3
       4
       8
       5
       9
       6
       8
       3
       8
       7
       4
       5
       3
       5
       4
       5
       6
       5
       2
       4
       9
       4
       9
       4
       6
       3
       2
       2
       3
      12
       8
       6
       3
       6
       1
       7
       4
       8
       5
       7
       6
       2
       3
       5
       4
       3
       5
       6
       3
       3
       2
       5
       2
       3
       6
       1
       4
       3
       4
       1
       6
       6
       2
       2
       5
       3
       6
       4
       2
       7
       0
      12
       8
       3
       4
       2
       6
       2
       2
       6
       4
       3
       5
       8
       3
       7
       5
       2
       4
       6
       5
       2
       9
       5
       7
       5
       3
       6
       6
       5
       3
       3
       1
       4
       3
       3
       4
       3
       2
       2
       1
       3
       5
       2
       4
       5
       2
       3
       1
       5
       1
       1
       4
       5
       2
       1
      11
       4
       3
       0
       3
       3
       4
       4
       4
       4
       7
       4
       2
       3
       3
       4
       3
       1
       2
       5
       3
       2
       5
       2
       2
       1
       3
       1
       0
       3
       1
       6
       1
       0
       2
       4
       4
       0
       5
       1
       0
       3
       5
       3
       0
       1
       6
       0
       1
       2
       1
       3
       2
       4
       2
       3
       9
       1
       2
       4
       3
       2
       4
       1
       4
       0
       3
       2
       2
       6
       2
       8
       4
       1
       2
       4
       5
       6
       4
       3
       6
       6
       3
       4
       6
       2
       2
       4
       3
       2
       6
       4
       8
       7
       6
       5
       7
       2
       7
      10
       8
      12
       4
       7
       8
      10
       8
       7
       7
       8
       9
       4
       6
       3
       4
       5
       9
       6
       9
      13
      10
      14
       4
       4
       8
       7
       8
       5
       3
       5
       8
       6
       4
       7
       3
       8
       5
       4
       2
       5
       6
       3
       2
       3
       4
       7
       3
       3
       1
       3
       1
       3
       1
       2
       4
       2
       1
       3
       1
       1
       0
       4
       2
       1
       4
       1
       1
       2
       2
       1
       2
       2
       2
       1
       2
       5
       2
       0
       1
       0
       1
       0
       1
       1
       2
       1
       0
       1
       2
       2
       0
       0
       1
       0
       2
       1
       1
       0
       3
       2
       0
       0
       1
       2
       0
       2
       0
       2
       1
       0
       1
       0
       2
       1
       3
       1
       0
       0
       4
       2
       1
       0
       2
       1
       1
       2
       1
       2
       1
       3
       0
       4
       3
       3
       0
       0
       1
       2
       1
       1
       1
       2
       2
       1
       4
       1
       0
       1
       2
       6
       1
       1
       0
       1
       1
       4
       3
       0
       2
       1
       2
       2
       2
       3
       1
       0
       0
       1
       0
       0
       3
       1
       1
       2
       0
       1
       2
       1
       0
       0
       0
       2
       1
       0
       0
       0
       0
       1
       0
       1
       1
       0
       2
       3
       0
       0
       1
       1
       0
       1
       0
       0
       0
       0
       1
       0
       1
       0
       1
       0
       0
       1
       0
       0
       1
       1
       0
       0
       1
       1
       0
       1
       0
       1
       0
       1
       0
       0
       0
       1
       0
       0
       0
       0
       0
       0
       0
       0
       1
       0
       0
       1
       0
       1
       0
       1
       0
       1
       0
       0
       0
       0
       0
       0
       1
       1
       1
       0
       1
       0
       1
       0
       1
       0
       0
       0
       0
       1
       0
       2
       1
       0
       0
       0
       0
       0
       0
       0
       2
       1
       0
       1
       0
       3
       0
       0
       1
       0
       1
       1
       1
       0
       0
       1
       1
       1
       1
       1
       1
       1
       0
       1
       0
       0
       0
       1
       3
       2
       0
       2
       0
       3
       0
       1
       1
       0
       1
       2
       0
       0
       0
       1
       1
       0
       0
       1
       1
       1
       1
       0
       0
       0
       1
       1
       1
       1
       0
       0
       0
       2
       0
       0
       1
       1
       0
       3
       2
       2
       0
       1
       0
       1
       1
       0
       1
       0
       1
       1
       1
       0
       1
       0
       1
       0
       1
       0
       2
       0
       0
       1
       1
       0
       1
       0
       0
       0
       0
       1
       0
       1
       1
       0
       0
       0
       0
       1
       0
       0
       0
       0
       0
       2
       0
       0
       0
       0
       0
       0
$ROI:
0
$PRESETS:
None
0
0
$ENER_FIT:
0.000000 2.205567
$MCA_CAL:
3
0.000000E+000 2.205567E+000 0.000000E+000 keV
$SHAPE_CAL:
3
0.000000E+000 0.000000E+000 0.000000E+000
