$SPEC_ID:
No sample description was entered.
$SPEC_REM:
DET# 2
DETDESC# SPACESCIENCE8 digiBASE-RH SN 15121449
AP# Maestro Version 7.01
$DATE_MEA:
10/28/2025 12:25:48
$MEAS_TIM:
199 200
$DATA:
0 1023
       0
       0
       0
       0
       0
       0
       0
       0
       0
       0
     230
    2379
    3487
    4423
    6060
    8296
   11243
   14961
   18884
   22642
   26037
   28760
   29542
   29712
   28374
   25615
   21772
   17867
   14119
   10917
    8056
    5366
    3777
    2531
    1635
    1126
     732
     551
     380
     359
     242
     252
     237
     232
     212
     190
     206
     182
     172
     167
     171
     160
     130
     163
     142
     130
     128
     116
     118
     120
     122
     122
     105
     104
     113
     102
     112
      96
     100
      99
      98
      94
      87
      95
      73
     103
      92
      91
      74
      87
      80
      91
      77
      73
      74
      86
      69
      74
      73
      81
      60
      75
      76
      65
      74
      68
      69
      60
      58
      60
      63
      48
      75
      64
      54
      67
      65
      55
      54
      52
      43
      45
      52
      54
      44
      45
      57
      56
      51
      48
      39
      45
      44
      53
      31
      45
      41
      38
      40
      30
      46
      34
      35
      40
      36
      43
      38
      38
      34
      27
      27
      36
      35
      27
      47
      33
      40
      27
      25
      27
      36
      29
      26
      23
      37
      29
      27
      30
      27
      26
      33
      21
      18
      28
      25
      21
      30
      22
      17
      17
      23
      23
      17
      19
      21
      22
      20
      24
      24
      13
      16
      21
      23
      14
      15
      15
      10
      15
      19
      19
      11
      17
      14
      15
      17
      14
      12
      17
      21
      22
       6
       8
      15
      18
      18
      16
      13
      19
      20
      19
      16
      17
      13
      16
      21
      14
      19
      15
      20
      11
       8
      11
      17
      15
      19
      14
      11
      15
      18
      17
      22
      10
      19
      12
      17
       8
      18
      12
      16
       7
      18
      13
      13
      20
      21
      13
      18
      14
      20
      11
      19
       8
      16
      19
      18
      19
      11
      19
      19
      16
      21
      13
      12
      16
      15
      12
      14
      19
      12
      12
      12
      11
      10
       5
       9
      21
      12
      14
      12
      10
      16
      17
      15
       8
      11
       9
      13
       9
      10
      10
      10
      10
      17
      11
       6
       8
      10
      12
       9
       8
      12
       9
       9
       9
      10
       7
       7
       5
       8
       8
       6
       5
       9
       8
       5
       6
       6
      10
       7
       4
      10
      10
       9
      10
       4
       3
       7
       2
       5
       6
       5
       4
       7
       5
       8
      11
      11
       5
       7
       8
       9
       8
       5
      10
       6
       6
       6
       7
       7
       4
       6
       6
       7
       4
       8
       6
       5
       3
      11
       5
      11
       7
       7
       3
       5
       4
       5
       6
       4
       6
       9
       7
       2
       5
       6
       6
       6
       1
       6
       4
       4
       4
       3
       3
       5
       5
       5
       3
       7
       9
       4
       3
       2
       8
       8
       4
       6
       4
      10
       3
       5
       4
       9
       8
       6
       6
       7
       8
       6
       8
       5
       4
       2
       5
       8
       7
       2
      10
       4
       5
       2
       7
       9
       6
       5
       9
      10
       8
       2
       3
       7
       3
       4
       7
       6
       4
       6
       3
       2
       4
       3
       3
       5
       3
       4
       1
       4
       4
       4
       2
       1
       2
       4
       2
       8
       7
       4
       3
       2
       3
       4
       2
       4
       4
       4
       3
       3
       4
       5
       4
       4
       0
       3
       3
       3
       6
       5
       5
       1
       2
       5
       8
       3
       7
       3
       4
       3
       3
       5
       4
       3
       4
       3
       5
       4
       2
       6
       5
       5
       3
       3
       2
       4
       5
       4
       7
       4
       2
       5
       4
       5
       5
       6
       5
       4
       6
       3
       1
       5
       4
       3
       6
       1
       1
       6
       1
       2
       4
       6
       5
       3
       1
       6
       5
       1
       3
       2
       1
       2
       5
       2
       2
       3
       5
       1
       3
       1
       1
       2
       3
       3
       6
       0
       2
       6
       5
       3
       2
       1
       4
       2
       5
       1
       3
       0
       4
       7
       4
       3
       4
       2
       3
       1
       1
       2
       4
       5
       2
       3
       0
       4
       1
       3
       3
       3
       2
       0
       4
       4
       3
       2
       3
       3
       6
       3
       3
       1
       5
       3
       3
       3
       3
       4
       6
       5
       2
       3
       1
       5
       5
       6
       3
       9
       4
       3
       2
       5
       5
      10
       4
       7
       4
      12
       8
      12
      10
       5
      11
       6
       8
       8
       6
       5
       8
      11
       4
      10
       6
       8
      11
       7
       4
       9
       6
       7
       4
       6
       6
       5
       4
      11
       6
       6
       7
       6
       6
       5
       8
       5
       4
      10
       2
       3
       8
       4
       2
       1
       6
       3
       5
       5
       3
       3
       1
       2
       1
       2
       3
       5
       5
       1
       3
       2
       3
       2
       3
       2
       3
       1
       0
       2
       1
       2
       2
       1
       0
       1
       0
       1
       0
       0
       0
       3
       0
       2
       0
       1
       1
       0
       5
       2
       1
       2
       0
       1
       2
       3
       0
       1
       3
       1
       1
       3
       1
       0
       1
       0
       2
       0
       1
       1
       1
       4
       0
       0
       1
       2
       0
       0
       1
       1
       1
       2
       2
       2
       3
       2
       1
       0
       1
       1
       0
       4
       4
       0
       1
       2
       4
       1
       2
       1
       1
       1
       1
       0
       2
       4
       1
       0
       1
       2
       3
       4
       0
       4
       1
       1
       1
       0
       2
       3
       2
       0
       4
       1
       3
       1
       1
       1
       1
       1
       2
       1
       0
       0
       0
       1
       0
       0
       2
       2
       1
       2
       1
       1
       0
       3
       1
       1
       0
       1
       3
       1
       0
       2
       2
       0
       0
       0
       0
       1
       1
       1
       0
       1
       0
       1
       0
       0
       2
       0
       0
       1
       0
       0
       1
       0
       2
       0
       0
       0
       1
       1
       0
       1
       0
       0
       0
       0
       1
       0
       0
       0
       0
       0
       0
       2
       0
       1
       1
       0
       1
       0
       0
       0
       1
       0
       0
       0
       1
       0
       1
       0
       0
       0
       0
       1
       0
       0
       0
       0
       0
       1
       2
       1
       0
       0
       1
       1
       1
       1
       0
       0
       0
       0
       0
       0
       0
       1
       2
       0
       0
       0
       3
       0
       0
       0
       0
       1
       0
       0
       0
       0
       0
       0
       1
       0
       2
       2
       0
       0
       1
       0
       1
       1
       0
       1
       2
       0
       2
       0
       0
       0
       0
       1
       1
       0
       0
       1
       2
       0
       1
       0
       0
       0
       0
       1
       1
       1
       0
       1
       1
       1
       2
       0
       0
       0
       0
       0
       2
       2
       1
       0
       1
       0
       0
       1
       2
       1
       0
       0
       1
       0
       0
       1
       1
       0
       1
       0
       0
       0
       1
       0
       0
       2
       1
       0
       0
       1
       1
       0
       0
       1
       1
       0
       0
       2
       2
       0
       0
       1
       0
       0
       0
       0
       0
       0
       0
       0
       0
       0
       1
       0
       0
       0
       0
       0
       2
       1
       0
       0
       0
       0
       0
$ROI:
0
$PRESETS:
None
0
0
$ENER_FIT:
0.000000 2.205567
$MCA_CAL:
3
0.000000E+000 2.205567E+000 0.000000E+000 keV
$SHAPE_CAL:
3
0.000000E+000 0.000000E+000 0.000000E+000
