$SPEC_ID:
No sample description was entered.
$SPEC_REM:
DET# 2
DETDESC# SPACESCIENCE8 digiBASE-RH SN 15121449
AP# Maestro Version 7.01
$DATE_MEA:
10/28/2025 12:31:22
$MEAS_TIM:
199 200
$DATA:
0 1023
       0
       0
       0
       0
       0
       0
       0
       0
       0
       0
     354
    3095
    3963
    4409
    5414
    7225
    9557
   12285
   15390
   18579
   21143
   23505
   24985
   25062
   23584
   21872
   19199
   16069
   12916
   10045
    7310
    5382
    3704
    2604
    1558
    1156
     800
     498
     444
     304
     293
     252
     219
     201
     196
     171
     185
     182
     184
     174
     154
     147
     134
     140
     145
     124
     127
     121
     120
     124
     113
     124
     112
     106
     101
     119
     105
     100
      99
      96
      87
     117
     102
      99
      82
      81
      94
      94
      85
      83
      58
      95
      91
      85
      75
      71
      90
      75
      68
      86
      66
      70
      82
      50
      82
      70
      73
      51
      58
      63
      68
      59
      55
      57
      44
      60
      51
      69
      48
      60
      50
      65
      53
      40
      58
      55
      42
      50
      49
      33
      51
      57
      55
      45
      47
      50
      43
      41
      42
      44
      50
      61
      36
      35
      45
      40
      41
      43
      45
      38
      37
      44
      31
      33
      38
      34
      43
      39
      27
      29
      50
      32
      19
      33
      39
      42
      29
      42
      33
      28
      25
      36
      23
      23
      23
      22
      26
      27
      21
      19
      19
      22
      23
      28
      18
      25
      24
      22
      15
      16
      20
      16
      21
      17
      16
      29
      17
      17
      14
      14
      22
      19
      16
      22
      15
      25
      19
      17
      12
      21
      17
      24
      23
      19
      21
      19
      17
      18
      13
      18
      21
      13
      10
       7
      19
      14
      17
      17
      22
      14
      19
      10
      14
      17
      14
      15
       7
      17
      12
      12
      21
      13
      14
      15
      10
      15
      13
      12
      12
       9
      16
      18
      14
      13
      10
      15
      21
      15
       9
      21
      18
      13
      12
      20
      22
       9
      22
      16
      16
      13
      20
      16
      19
      10
      16
      23
       8
      23
      12
       8
      14
      21
      14
      17
      16
      20
      16
      11
      16
      15
      20
      19
      14
      14
      20
      15
      16
      13
      13
      17
      17
      17
      15
      12
       9
      13
      12
      14
      11
      12
       8
      21
      11
       7
       6
       7
      11
      11
      10
      11
       7
      10
      11
       7
       9
       9
       9
       9
       9
       4
       7
      11
       5
      12
      12
       7
       7
       9
       6
       6
       6
       8
       7
       7
      10
      10
      11
       6
      11
       7
      10
       7
       7
       7
       5
       3
       5
       5
       5
       4
       5
       6
       9
       8
       5
       4
       6
       8
       7
       6
       6
       5
       5
       3
       4
       3
       7
       4
       5
       7
       4
       7
       3
       6
       7
       2
       9
       6
       6
       5
       4
       4
       7
       5
       6
       3
       9
       7
       7
       2
       5
       5
       6
       4
       8
       9
       6
      10
       5
       8
       5
       7
       4
       4
       8
       1
       7
       3
      11
       7
       9
       6
       2
       4
       2
       4
       5
       5
       8
       9
       4
       4
       7
       9
      10
       6
       2
       3
       3
       5
       2
       3
       7
       5
       4
       3
       3
       7
       4
       7
       6
       3
       1
       5
       8
       3
       5
       6
       4
       5
       4
       6
       5
       5
       4
       3
       9
       4
       7
       2
       1
       4
       2
       5
       2
       4
       4
       8
       9
       7
       1
       0
       5
       4
       0
       2
       3
       4
       3
       4
       2
       1
       4
       5
       4
       6
       2
       6
       3
       4
       7
       2
       4
       0
       3
      10
       7
       5
       3
       7
      10
       2
       1
       2
       5
       6
       5
       5
       4
       7
       3
       3
       0
       4
       3
       1
       2
       2
       4
       1
       1
       6
       5
       4
       5
       3
       4
       1
       4
       3
       2
       2
       5
       1
       2
       1
       8
       3
       3
       2
       3
       3
       4
       3
       4
       2
       5
       5
       3
       4
       1
       3
       2
       1
       3
       7
       1
       4
       0
       2
       1
       3
       1
       4
       3
       1
       1
       1
       1
       4
       2
       5
       5
       5
       3
       1
       1
       2
       3
       1
       3
       3
       3
       3
       3
       2
       2
       5
       3
       3
       3
       2
       1
       5
       1
       4
       2
       2
       4
       2
       4
       3
       4
       3
       4
       7
       1
       7
       5
       4
       7
       3
       7
       6
       3
       4
       9
       2
       4
       5
       8
       7
       9
       3
       6
       5
       4
       6
       8
       4
       4
      10
       8
       6
       8
       7
       6
       6
       9
       5
      11
       7
       9
       7
       7
       1
       7
       5
       3
       8
      11
       4
       4
       7
       4
       3
       8
       9
       8
       7
       5
       8
       6
       1
       5
       4
       4
       1
       4
       4
       4
       1
       3
       3
       0
       2
       2
       2
       3
       5
       3
       2
       1
       2
       0
       1
       3
       1
       3
       2
       2
       1
       2
       0
       1
       2
       3
       0
       3
       0
       0
       1
       1
       1
       1
       0
       0
       0
       3
       3
       2
       0
       1
       0
       1
       0
       0
       2
       2
       1
       1
       1
       0
       1
       0
       2
       3
       2
       1
       0
       1
       2
       1
       0
       1
       3
       1
       1
       0
       7
       1
       3
       0
       0
       0
       1
       4
       0
       1
       3
       1
       1
       1
       0
       2
       1
       3
       1
       0
       3
       0
       1
       2
       1
       2
       1
       2
       0
       1
       0
       3
       1
       3
       1
       0
       1
       0
       0
       1
       1
       2
       2
       2
       2
       4
       0
       0
       2
       1
       0
       3
       1
       4
       2
       0
       0
       0
       1
       0
       1
       1
       0
       0
       2
       1
       0
       0
       0
       0
       3
       2
       0
       1
       1
       0
       0
       1
       0
       1
       0
       2
       0
       1
       1
       2
       0
       2
       0
       0
       0
       0
       1
       1
       0
       0
       0
       1
       0
       1
       0
       0
       1
       0
       1
       0
       1
       0
       0
       0
       1
       0
       1
       0
       0
       1
       1
       0
       0
       1
       0
       1
       0
       0
       0
       0
       0
       0
       0
       0
       0
       0
       0
       0
       0
       0
       1
       2
       0
       0
       0
       1
       0
       1
       1
       0
       1
       0
       0
       0
       0
       0
       0
       1
       0
       0
       1
       0
       0
       1
       0
       1
       1
       0
       0
       2
       1
       0
       1
       1
       0
       1
       1
       0
       1
       0
       1
       2
       0
       1
       0
       1
       1
       1
       0
       1
       0
       0
       1
       0
       1
       0
       0
       2
       0
       2
       0
       0
       0
       0
       1
       1
       0
       0
       0
       2
       3
       0
       0
       0
       0
       0
       2
       0
       0
       1
       0
       0
       1
       0
       2
       0
       1
       0
       0
       0
       0
       0
       1
       2
       2
       1
       1
       1
       2
       0
       0
       2
       0
       0
       0
       1
       0
       0
       0
       1
       2
       1
       0
       0
       0
       0
       0
       1
       1
       0
       0
       2
       0
       0
       1
       1
       0
       1
       0
       0
       0
       0
       0
       0
       0
       0
       0
       0
       0
       0
       0
       0
       0
       0
       0
       2
       0
       0
       0
$ROI:
0
$PRESETS:
None
0
0
$ENER_FIT:
0.000000 2.205567
$MCA_CAL:
3
0.000000E+000 2.205567E+000 0.000000E+000 keV
$SHAPE_CAL:
3
0.000000E+000 0.000000E+000 0.000000E+000
