$SPEC_ID:
No sample description was entered.
$SPEC_REM:
DET# 2
DETDESC# SPACESCIENCE8 digiBASE-RH SN 15121449
AP# Maestro Version 7.01
$DATE_MEA:
10/28/2025 11:42:06
$MEAS_TIM:
200 200
$DATA:
0 1023
       0
       0
       0
       0
       0
       0
       0
       0
       0
       0
     335
    3857
    4796
    4224
    3388
    2610
    1935
    1377
    1103
     825
     758
     653
     714
     731
     804
     836
     998
    1045
    1167
    1282
    1343
    1466
    1483
    1495
    1411
    1354
    1303
    1185
    1053
     943
     786
     648
     621
     478
     399
     411
     352
     317
     315
     324
     314
     284
     293
     284
     315
     296
     295
     302
     286
     310
     308
     304
     338
     304
     323
     342
     335
     311
     322
     351
     294
     319
     292
     307
     308
     290
     341
     304
     278
     270
     275
     284
     293
     291
     282
     275
     256
     298
     275
     278
     255
     242
     225
     254
     235
     212
     227
     203
     230
     203
     225
     201
     190
     244
     212
     209
     217
     210
     220
     207
     249
     248
     232
     238
     290
     278
     263
     307
     319
     296
     300
     327
     343
     376
     352
     358
     346
     393
     383
     393
     367
     393
     389
     402
     408
     383
     382
     388
     383
     433
     440
     471
     472
     510
     545
     525
     554
     631
     655
     618
     666
     699
     656
     699
     721
     742
     734
     697
     696
     724
     725
     693
     685
     672
     578
     523
     536
     436
     420
     394
     406
     348
     307
     265
     278
     255
     198
     156
     167
     147
     144
     111
     107
      93
      92
      70
      57
      70
      44
      58
      45
      44
      28
      36
      27
      35
      24
      25
      24
      16
      19
      21
      21
      23
      13
      18
      23
      18
      19
      16
      14
      20
       9
      20
      19
      18
      10
      21
      23
       8
      16
      16
      15
      13
      16
      14
      14
       8
      15
      12
      13
       9
       9
      14
      14
      13
      14
       9
      17
      20
      15
      12
      11
      12
      17
       9
      14
      10
      16
       9
      13
      14
      14
       7
      11
      17
      10
      14
      18
      12
      14
      21
      14
      16
      22
      20
      11
      15
      10
      19
      18
      10
      15
      15
      15
       9
      14
       9
      14
      15
      15
       8
      14
      13
      12
      16
       6
      11
      10
      11
      15
       7
       8
      11
       8
       6
      13
       8
       8
       8
       7
       7
       7
      11
       5
       6
       8
      16
       5
       9
       8
      10
       9
      10
       2
      10
       8
       8
       8
       4
       2
       4
      10
       2
       8
       6
       5
       9
       4
       4
       7
       8
      13
      12
       4
       5
       8
       7
       8
       7
      10
       6
       6
       3
       7
       5
       9
      10
       5
      11
       7
       6
       6
       6
       5
       6
       5
       6
       7
       8
       7
       9
       8
       2
      11
       7
       9
       9
       8
       8
       5
       2
       6
       8
       7
       2
      10
       7
       7
      11
      10
       5
       2
       4
       2
       6
       9
       4
       9
      10
       3
      15
       7
       5
       7
       4
       7
       5
       5
      10
       5
      13
       6
       4
       3
       3
       7
       8
       2
       6
       5
       5
       6
       4
       7
       4
       1
       2
       3
       7
       4
       6
       4
       3
       8
       7
       6
       5
       7
       5
       5
       6
       8
       4
       5
       6
       5
       6
       5
       5
       3
       3
       2
       4
       3
       2
       4
       7
       5
       2
       3
       9
       5
       3
       7
       2
       3
       2
       8
       1
       3
       3
       4
       4
       2
       2
       5
       4
       5
       3
       4
       2
       3
       2
       0
       2
       1
       3
       5
       6
       4
       6
       2
       3
       6
       1
       2
       4
       6
       1
       3
       3
       4
       6
       5
       0
       5
       6
       5
       6
       5
       6
       2
       4
       6
       7
       2
       5
       2
       2
       2
       4
       3
       4
       1
       4
       4
       6
       6
       5
       3
       5
       3
       3
       3
       4
       5
       1
       2
       3
       2
       2
       4
       4
       1
       2
       5
       1
       5
       2
       3
       1
       2
       4
       1
       4
       2
       4
       2
       1
       5
       5
       3
       3
       0
       4
       5
       1
       4
       5
       1
       1
       3
       2
       3
       3
       2
       2
       1
       4
       3
       2
       1
       4
       2
       2
       1
       2
       2
       3
       4
       3
       3
       1
       1
       2
       2
       1
       4
       4
       1
       0
       2
       4
       3
       2
       0
       2
       3
       3
       3
       5
       1
       4
       1
       1
       3
       6
       1
       3
       3
       4
       3
       4
       1
       1
       5
       7
       2
       2
       8
       6
       4
       1
       6
       5
       3
       8
      10
       2
       5
       3
       6
       6
       9
      10
       8
       5
       8
       7
       3
       5
       9
       4
      10
       3
       8
       5
       6
      10
       3
      10
       3
       9
       9
      11
       7
       5
       4
       8
       7
      12
       5
       3
       9
       5
       5
       6
       6
       5
       4
       7
       8
       4
       5
       3
       7
       4
       8
       5
       9
       3
       1
       2
       3
       3
       1
       1
       4
       1
       2
       2
       2
       5
       2
       1
       0
       1
       2
       2
       2
       2
       0
       1
       1
       1
       1
       2
       0
       2
       3
       2
       3
       0
       2
       1
       1
       2
       2
       1
       1
       2
       1
       1
       1
       1
       1
       3
       0
       1
       3
       1
       1
       0
       1
       1
       1
       1
       0
       1
       1
       1
       1
       2
       1
       2
       1
       2
       3
       2
       0
       3
       2
       0
       1
       0
       0
       1
       1
       2
       0
       0
       2
       2
       3
       1
       0
       4
       1
       0
       0
       0
       0
       0
       1
       0
       0
       1
       0
       2
       3
       1
       0
       2
       1
       0
       2
       3
       2
       2
       0
       1
       1
       3
       2
       3
       1
       0
       3
       2
       0
       1
       3
       2
       2
       1
       1
       0
       1
       2
       1
       4
       0
       2
       1
       1
       0
       2
       0
       0
       1
       0
       1
       0
       0
       1
       1
       1
       1
       0
       3
       1
       1
       0
       1
       0
       0
       0
       0
       1
       0
       1
       3
       0
       0
       1
       2
       1
       2
       3
       0
       1
       0
       0
       0
       0
       1
       0
       0
       0
       2
       0
       0
       1
       0
       0
       0
       1
       2
       1
       0
       0
       0
       0
       0
       1
       0
       0
       0
       1
       0
       1
       0
       0
       0
       0
       0
       0
       0
       0
       0
       1
       0
       0
       0
       0
       0
       0
       1
       0
       0
       3
       1
       0
       0
       0
       2
       0
       0
       1
       0
       0
       0
       1
       0
       0
       0
       0
       1
       2
       0
       0
       1
       1
       1
       0
       0
       0
       3
       1
       0
       0
       0
       1
       0
       0
       1
       0
       0
       1
       1
       0
       0
       1
       1
       3
       0
       0
       0
       0
       3
       0
       1
       1
       1
       0
       3
       0
       0
       2
       4
       1
       2
       0
       0
       1
       1
       1
       1
       1
       1
       1
       0
       2
       0
       2
       0
       1
       1
       1
       0
       0
       0
       1
       0
       0
       1
       3
       0
       0
       0
       1
       0
       1
       1
       0
       1
       0
       0
       0
       1
       0
       1
       0
       0
       1
       0
       0
       1
       0
       1
       0
       0
       1
       0
       0
       0
       0
       0
       1
       0
       0
       0
       0
$ROI:
0
$PRESETS:
None
0
0
$ENER_FIT:
0.000000 2.205567
$MCA_CAL:
3
0.000000E+000 2.205567E+000 0.000000E+000 keV
$SHAPE_CAL:
3
0.000000E+000 0.000000E+000 0.000000E+000
