$SPEC_ID:
No sample description was entered.
$SPEC_REM:
DET# 2
DETDESC# SPACESCIENCE8 digiBASE-RH SN 15121449
AP# Maestro Version 7.01
$DATE_MEA:
10/28/2025 12:05:31
$MEAS_TIM:
199 200
$DATA:
0 1023
       0
       0
       0
       0
       0
       0
       0
       0
       0
       0
     251
    2540
    3031
    2649
    2156
    1597
    1192
     950
     703
     680
     700
     689
     856
     899
     976
    1146
    1274
    1360
    1581
    1756
    1746
    1953
    1938
    1883
    1707
    1686
    1588
    1277
    1171
    1034
     864
     832
     662
     568
     572
     501
     445
     458
     419
     403
     376
     452
     403
     415
     395
     404
     464
     425
     453
     451
     440
     481
     480
     456
     494
     500
     480
     481
     487
     519
     470
     522
     479
     464
     473
     501
     437
     519
     481
     466
     437
     441
     400
     423
     438
     448
     412
     448
     391
     403
     386
     424
     377
     373
     387
     366
     396
     395
     341
     338
     348
     341
     381
     385
     352
     371
     411
     381
     421
     403
     402
     405
     431
     462
     499
     509
     497
     535
     552
     578
     556
     593
     650
     617
     646
     661
     626
     633
     667
     685
     669
     677
     697
     680
     706
     783
     696
     792
     736
     806
     812
     880
     976
    1004
    1006
    1020
    1088
    1040
    1111
    1152
    1177
    1182
    1275
    1143
    1177
    1179
    1196
    1126
    1108
    1036
    1008
     873
     875
     844
     786
     691
     694
     622
     560
     520
     460
     411
     328
     332
     297
     252
     219
     195
     181
     147
     141
     111
     115
      82
      91
      88
      48
      62
      58
      51
      51
      31
      36
      32
      38
      30
      29
      25
      18
      22
      26
      22
      15
      21
      21
      20
      24
      17
      15
      17
      12
      17
      18
      21
      15
      22
      17
      18
      18
      15
      16
      14
      17
      22
      16
      14
       6
      23
      18
      17
      13
      18
      19
      12
      15
      13
      11
      16
       9
      14
      18
      18
      13
      14
      21
      17
      10
      12
      18
      15
      19
      26
      14
      11
      11
      14
      15
      19
      18
      24
      20
      15
      16
      18
      18
      21
      20
      11
      23
      30
      17
      22
      15
      16
      27
      18
      20
      15
      19
      11
      20
      17
      21
      16
      13
      20
      19
      15
       8
      23
      10
      12
      16
      22
      11
      17
      21
      10
      15
      10
       8
      17
      12
      13
      17
      12
       5
       9
      14
      16
      12
      11
       7
       3
       8
       9
      10
      11
       9
       9
       8
       9
       5
       6
       7
       7
      10
       8
      11
       7
       7
       7
       8
       3
       9
       5
       7
       4
       7
       5
       6
       5
       5
       3
       3
       6
       5
       6
       7
       2
      11
       6
       4
       2
       4
       3
       4
       5
       8
       5
       3
       4
       9
       3
       5
       2
       3
       4
       3
       8
       7
       5
       7
       3
       8
       5
       4
       5
       5
       7
       7
       2
       7
       6
       8
       9
       9
       4
       9
       3
       6
       6
       6
       7
       5
       4
       6
       7
       6
       4
       5
       7
       5
      11
       5
       3
       9
       5
       4
       7
       2
       5
       9
       6
       5
       5
       5
       3
       4
       2
      11
       6
       4
       3
       5
       8
       4
       2
       6
       1
       4
       3
       0
       4
       4
       4
       2
       8
       6
       2
       6
       1
       4
       5
       2
       4
       3
       4
       5
       9
       5
       5
       3
       2
       6
       4
       3
       2
       4
       5
       4
       5
       8
       8
       3
       1
       1
       6
       9
       4
       1
       5
       4
       4
       3
       5
       2
       1
       5
       2
       1
       6
       5
       0
      10
       2
       5
       1
       4
       3
       4
       3
       3
       5
       3
       3
       3
       7
       7
       3
       1
       3
       4
       6
       5
       4
       4
       2
       6
       6
       0
       5
       1
       2
       1
       4
       3
       3
       1
       1
       4
       2
       3
       2
       9
       1
       5
       3
       1
       5
       2
       4
       3
       5
       6
       4
       6
       4
       5
       4
       1
       3
       4
       3
       2
       5
       2
       2
       1
       5
       2
       3
       1
       3
       3
       1
       3
       3
       4
       3
       1
       1
       3
       5
       1
       2
       1
       1
       0
       3
       3
       3
       5
       4
       3
       3
       2
       4
       1
       3
       2
       5
       3
       1
       2
       5
       1
       0
       5
       2
       1
       4
       3
       4
       2
       3
       3
       1
       2
       2
       4
       2
       0
       3
       2
       3
       3
       6
       2
       4
       3
       5
       1
       5
       5
       8
       2
       3
       1
       3
       3
       3
       1
       7
       5
       5
       6
       4
       6
       2
       6
       2
       7
       7
       5
       7
       6
       5
       3
       3
      10
       5
       4
      12
       7
       7
       4
       9
       4
       5
       9
       6
       4
       8
       9
       4
      13
       8
       5
       9
       8
       6
       6
       8
       4
       7
       4
       7
       3
       9
       7
       5
       4
       4
       7
       4
       5
       1
       1
       5
       4
       2
       3
       0
       6
       3
       2
       0
       0
       1
       1
       1
       0
       4
       1
       1
       1
       5
       1
       0
       1
       2
       0
       1
       0
       1
       6
       1
       4
       2
       1
       1
       1
       3
       0
       1
       1
       0
       2
       1
       1
       0
       2
       0
       1
       0
       0
       1
       1
       0
       1
       0
       2
       2
       1
       0
       4
       3
       1
       2
       3
       1
       0
       0
       0
       0
       1
       2
       2
       1
       1
       0
       3
       3
       1
       2
       1
       1
       0
       1
       0
       1
       1
       0
       1
       0
       2
       0
       2
       2
       1
       1
       2
       1
       2
       2
       2
       1
       2
       0
       0
       1
       1
       3
       3
       1
       0
       1
       2
       1
       0
       4
       2
       3
       3
       0
       2
       2
       1
       1
       0
       0
       2
       0
       1
       0
       1
       1
       0
       1
       1
       1
       0
       2
       0
       2
       1
       0
       1
       1
       1
       0
       0
       0
       2
       0
       0
       1
       1
       1
       1
       1
       1
       1
       0
       0
       0
       0
       1
       0
       0
       0
       0
       0
       2
       0
       0
       0
       1
       0
       1
       1
       2
       1
       0
       2
       0
       1
       0
       1
       0
       0
       1
       0
       0
       0
       0
       1
       0
       1
       0
       0
       1
       0
       0
       1
       1
       0
       0
       0
       0
       0
       1
       0
       0
       0
       0
       0
       0
       0
       2
       0
       0
       1
       1
       0
       1
       1
       2
       0
       0
       0
       0
       0
       1
       1
       0
       0
       0
       0
       0
       1
       1
       1
       0
       1
       0
       0
       0
       0
       1
       0
       0
       1
       0
       1
       2
       1
       0
       0
       0
       0
       0
       1
       1
       1
       0
       0
       0
       1
       1
       0
       0
       1
       1
       1
       0
       1
       0
       0
       0
       1
       0
       0
       2
       1
       0
       0
       0
       0
       0
       0
       0
       1
       1
       1
       1
       0
       0
       2
       0
       0
       0
       1
       0
       0
       1
       0
       1
       1
       0
       1
       0
       1
       3
       0
       0
       0
       0
       0
       1
       0
       0
       0
       1
       0
       0
       1
       0
       2
       0
       0
       0
       1
       1
       0
       0
       0
       0
       0
       0
       0
       0
       0
       0
       1
       0
       2
       2
       1
       2
       0
       0
       0
$ROI:
0
$PRESETS:
None
0
0
$ENER_FIT:
0.000000 2.205567
$MCA_CAL:
3
0.000000E+000 2.205567E+000 0.000000E+000 keV
$SHAPE_CAL:
3
0.000000E+000 0.000000E+000 0.000000E+000
