$SPEC_ID:
No sample description was entered.
$SPEC_REM:
DET# 2
DETDESC# SPACESCIENCE8 digiBASE-RH SN 15121449
AP# Maestro Version 7.01
$DATE_MEA:
10/28/2025 11:36:49
$MEAS_TIM:
199 200
$DATA:
0 1023
       0
       0
       0
       0
       0
       0
       0
       0
       0
       0
     409
    4524
    5583
    4753
    3783
    2909
    2165
    1512
    1089
     903
     790
     759
     786
     873
     935
    1059
    1194
    1357
    1491
    1507
    1664
    1767
    1784
    1685
    1689
    1583
    1485
    1330
    1216
    1035
     859
     744
     659
     538
     515
     465
     412
     399
     373
     349
     363
     346
     330
     335
     337
     360
     369
     347
     337
     357
     371
     364
     353
     396
     383
     431
     380
     396
     436
     342
     387
     376
     398
     377
     360
     390
     345
     365
     344
     338
     368
     356
     372
     297
     344
     325
     333
     345
     317
     292
     323
     326
     294
     283
     291
     275
     302
     264
     252
     277
     274
     252
     280
     263
     253
     295
     268
     239
     263
     289
     258
     282
     290
     298
     309
     322
     349
     368
     353
     383
     414
     417
     452
     443
     451
     442
     459
     479
     466
     514
     465
     520
     491
     512
     561
     494
     560
     561
     551
     578
     606
     570
     603
     670
     727
     741
     757
     823
     822
     853
     880
     883
     960
     929
     970
     890
     956
     908
     914
     894
     916
     841
     834
     796
     708
     705
     645
     570
     553
     505
     533
     442
     383
     344
     329
     279
     247
     221
     205
     162
     161
     140
     105
     120
      86
      81
      69
      64
      58
      58
      38
      43
      40
      23
      40
      26
      22
      29
      32
      18
      19
      22
      18
      23
      24
      10
      20
      33
      18
      17
      25
      15
      16
      18
      14
      19
      18
      14
       9
      17
      16
      24
      16
      21
      20
      13
      12
      15
      15
      15
      16
      10
      11
      12
      13
       9
      12
      21
      19
      19
      10
      13
      14
      16
       9
      17
      13
      12
      15
       7
      15
      20
      21
      13
      17
      14
      12
      17
      16
      13
      11
      23
      15
      22
      16
      11
      12
      16
      19
      20
      15
       9
      11
      10
      14
      12
      12
      14
       9
      13
      14
      12
      11
      10
      12
       6
      13
      11
      16
       9
      10
      12
      10
       8
       8
      14
       6
       9
      11
      19
      14
      12
       4
       9
       6
       9
      10
       9
       9
       4
      14
      10
      13
       9
      11
       9
       5
       5
       9
      10
       7
       5
       7
       3
       8
       1
       6
       2
      11
       3
       6
       5
       3
       3
       4
       8
       7
       8
       6
       7
       9
       6
       7
       4
       8
       5
       5
       6
       3
       9
      10
       9
       7
       5
       2
       2
       8
       3
       5
       5
       2
       4
       7
       8
       8
       5
       6
       8
       6
       5
       5
       8
       8
      11
       1
       4
       6
       6
       4
       6
       3
      11
       4
       5
       6
       5
       3
       6
       5
       4
       4
       1
       3
       5
       8
       4
       5
       4
       4
       8
       9
       5
       1
       8
       3
       5
       6
       3
      11
       8
       5
      10
       5
       6
       4
       8
       3
       6
       9
       7
       9
       6
       3
       4
       6
       5
       8
       6
       4
       6
       9
       2
       5
       7
       6
       5
       5
       7
       4
       5
       5
       5
       5
       7
       3
       5
       5
       5
       3
       1
       3
       8
       5
       3
       4
       5
       5
       3
       4
       1
       2
       4
       2
       5
       2
       3
       4
       3
       8
       7
       2
       3
       1
       7
       3
       8
       1
       4
       1
       8
       4
       4
       4
      12
       3
       5
       3
       5
       4
       5
       5
       8
       3
       5
       4
       0
       3
       6
       2
       5
       6
       3
       5
       9
       0
       3
       6
       4
       1
       4
       3
       5
       3
       4
       1
       3
       9
       4
       6
       5
       4
       4
       2
       0
       3
       3
       6
       2
       5
       4
       3
       3
       3
       4
       6
       3
       1
       1
       0
       1
       3
       4
       2
       4
       2
       4
       4
       3
       6
       1
       1
       3
       3
       5
       4
       2
       3
       2
       2
       3
       2
       1
       2
       5
       3
       5
       4
       1
       2
       2
       4
       2
       0
       3
       1
       2
       3
       0
       2
       3
       2
       0
       0
       2
       0
       4
       2
       2
       5
       2
       3
       3
       3
       1
       3
       3
       2
       2
       1
       4
       5
       7
       0
       2
       1
       3
       3
       4
       5
       9
       2
       4
       4
       8
       3
       9
       3
       1
       3
       4
       6
       7
       3
       7
      10
       5
       6
       8
       8
       0
       3
       2
       8
       7
       5
       8
       5
       4
       3
       5
       7
       6
       9
       5
      10
       5
       9
       8
       7
       4
       1
       4
       4
      11
       6
       6
       7
       8
       9
       4
       7
       5
       4
       6
       4
       3
       9
       4
       6
       2
       7
      12
       9
       5
       3
      10
       3
       5
       5
       5
       2
       2
       6
       5
       5
       1
       0
       3
       5
       3
       1
       5
       2
       3
       1
       2
       0
       0
       3
       4
       0
       0
       0
       3
       3
       1
       0
       4
       2
       0
       1
       0
       2
       1
       2
       0
       1
       0
       1
       3
       1
       2
       0
       0
       2
       1
       1
       1
       1
       0
       2
       0
       2
       0
       1
       0
       1
       1
       4
       0
       3
       0
       4
       2
       1
       3
       3
       0
       2
       0
       2
       4
       2
       1
       1
       1
       2
       3
       0
       2
       2
       1
       0
       4
       2
       2
       4
       4
       3
       1
       1
       0
       6
       2
       3
       2
       1
       1
       0
       3
       1
       3
       2
       4
       2
       2
       2
       0
       2
       1
       0
       1
       2
       0
       4
       0
       0
       0
       1
       3
       1
       0
       2
       3
       0
       1
       0
       3
       4
       0
       1
       3
       0
       0
       1
       2
       3
       1
       0
       1
       1
       1
       2
       1
       1
       2
       0
       0
       3
       0
       1
       1
       0
       0
       1
       0
       0
       1
       0
       1
       1
       0
       0
       0
       1
       1
       2
       2
       1
       0
       1
       0
       0
       0
       0
       1
       3
       0
       0
       1
       1
       0
       0
       1
       2
       0
       0
       0
       0
       0
       1
       0
       0
       0
       0
       0
       1
       0
       0
       0
       1
       0
       0
       0
       1
       1
       0
       1
       0
       0
       0
       1
       0
       1
       0
       0
       1
       0
       0
       1
       0
       1
       0
       1
       0
       2
       1
       1
       1
       1
       0
       1
       1
       0
       0
       0
       1
       0
       0
       0
       1
       1
       0
       1
       0
       1
       0
       1
       0
       0
       1
       1
       0
       1
       1
       1
       0
       0
       0
       1
       0
       0
       0
       0
       0
       0
       1
       0
       0
       0
       1
       0
       1
       3
       1
       0
       0
       2
       0
       3
       1
       1
       0
       1
       1
       1
       0
       1
       1
       1
       0
       0
       0
       1
       0
       0
       0
       0
       1
       1
       0
       0
       1
       0
       0
       1
       2
       0
       0
       1
       0
       2
       0
       0
       0
       0
       0
       0
       1
       0
       1
       1
       1
       2
       0
       0
       0
       1
       0
       0
       1
       2
       0
       1
       0
       0
       0
       0
       2
       3
       0
       0
       0
       2
$ROI:
0
$PRESETS:
None
0
0
$ENER_FIT:
0.000000 2.205567
$MCA_CAL:
3
0.000000E+000 2.205567E+000 0.000000E+000 keV
$SHAPE_CAL:
3
0.000000E+000 0.000000E+000 0.000000E+000
