$SPEC_ID:
No sample description was entered.
$SPEC_REM:
DET# 2
DETDESC# SPACESCIENCE8 digiBASE-RH SN 15121449
AP# Maestro Version 7.01
$DATE_MEA:
10/28/2025 11:13:11
$MEAS_TIM:
200 200
$DATA:
0 1023
       0
       0
       0
       0
       0
       0
       0
       0
       0
       0
       3
      55
      65
      83
      73
      92
     138
     114
     125
     132
     124
     156
     138
     155
     174
     167
     166
     193
     190
     212
     175
     205
     205
     201
     222
     207
     206
     202
     197
     217
     177
     203
     179
     198
     159
     151
     160
     134
     139
     153
     141
     113
     159
     128
     131
     120
     122
     131
     109
     131
     108
     109
     123
      95
     113
     123
     101
     106
      91
     109
      97
     121
      94
      84
     100
      96
     103
      90
      96
     104
      91
      94
      94
      92
      78
      88
      75
      78
      71
      82
      80
      88
      68
      78
      78
      65
      72
      77
      63
      70
      63
      56
      66
      78
      70
      60
      54
      58
      50
      58
      50
      52
      50
      51
      50
      50
      57
      42
      49
      62
      53
      48
      40
      38
      49
      42
      35
      44
      40
      33
      54
      48
      36
      34
      45
      48
      43
      39
      39
      29
      43
      38
      46
      34
      23
      38
      33
      44
      35
      37
      41
      28
      37
      42
      27
      42
      26
      32
      31
      31
      19
      31
      29
      20
      28
      31
      34
      30
      20
      21
      23
      21
      22
      20
      19
      27
      15
      22
      24
      17
      26
      19
      24
      32
      18
      24
      13
      23
      20
      18
      18
      17
      14
      18
      13
      23
      18
      19
      17
      21
      25
      24
      28
      14
      23
       8
      21
      20
      22
      19
      14
      15
      12
      24
      21
      23
      19
      14
      23
      12
      14
      16
      23
      21
      15
       9
      11
      12
      19
      15
      17
      16
      14
      17
      10
      20
      23
      19
      15
      12
      18
      15
      19
      14
      17
      13
      20
      20
      14
      14
      18
      14
      17
      21
      19
      16
      14
      15
      20
      15
      18
      12
      17
      17
      13
      13
      15
      19
      12
      18
      20
      21
      19
      17
      15
      12
      16
      12
      12
      21
      15
      18
      20
      15
      11
      14
       9
      10
      10
      11
      14
      12
      10
      15
      16
      19
       6
      12
       6
      12
       7
       7
       7
       8
       8
      10
       7
      11
      13
      11
      15
       8
       5
      11
      10
       6
       9
      10
      12
      11
       8
       9
       5
       8
      10
      10
       7
       8
      13
       6
       6
      11
       7
      14
       9
       7
      12
       5
       6
       5
      13
       7
      13
       3
      12
      12
       8
       8
       9
       7
       9
       8
       6
       7
       3
       8
       3
       9
       7
       8
       5
       7
       7
       7
       7
       6
       5
      13
       9
       2
      11
       8
       1
       2
       8
       8
       5
       6
      10
       6
       2
       6
      10
       5
       6
       4
       4
       7
       3
       9
       6
       4
       8
       5
       5
       8
       3
       7
       6
       8
      10
       7
       3
       6
       4
       3
       7
       7
      12
       5
       7
      10
      11
       6
       7
       4
       8
       6
       4
       5
       5
       8
       9
       4
       8
       6
       6
       7
      12
       4
       3
      11
       8
       9
       4
       5
       8
       4
       9
       4
       2
       8
       7
       6
       4
       6
       3
       9
       6
       7
       2
       2
       6
       2
       5
       3
      10
       9
       4
       2
       1
       4
       5
       4
       6
       6
       3
       5
       8
       3
       3
       2
       0
       8
       4
       4
       6
       2
       5
       7
       6
       4
       5
       4
       5
       7
       5
       2
       8
       6
       6
       6
      13
       7
       7
      11
       7
       7
       9
       6
       8
       5
      10
      10
      15
       8
       7
      15
      15
      10
       9
      11
       8
      14
      15
      20
      11
      11
      18
      15
      15
      11
      16
      16
      16
      14
      14
      15
      12
      16
      11
      17
      18
      15
      11
       5
      13
      18
      18
      15
      12
      11
      12
      15
      14
      16
      11
       9
      10
       7
      13
      12
       7
      12
       7
      14
       5
       9
      13
       5
       6
      13
       7
       9
       7
       5
       8
       8
       7
       8
       6
       6
       8
       7
       7
       7
       8
       8
       7
      13
       1
      15
       8
       6
       8
       7
      13
      15
      13
      12
      13
      16
      18
      13
      11
      12
      16
       8
      20
       8
      12
      17
      20
      18
      10
      14
      14
       9
      11
      11
      12
      11
      11
      16
      14
       7
      13
      17
      16
       5
      14
      13
      12
      12
      10
      13
      12
      13
       5
      17
      12
       8
      10
       6
       8
      10
       7
       8
       8
       3
       5
      11
      10
       7
       9
       7
       8
       6
       5
       9
       4
       2
       9
       8
       8
       6
       7
      12
       6
       9
      10
       9
       6
       3
       7
       6
       8
       6
       4
       7
       6
       3
       3
       6
       7
       8
       4
       6
       4
       6
       4
       5
       6
       6
       4
       5
       1
       4
       2
       3
       1
       5
       8
       2
       1
       3
       1
       1
       0
       5
       2
       1
       3
       0
       1
       3
       1
       2
       2
       1
       1
       4
       1
       2
       1
       3
       0
       0
       1
       1
       0
       2
       2
       0
       0
       1
       3
       0
       2
       1
       2
       2
       1
       0
       0
       1
       2
       1
       1
       1
       0
       1
       0
       0
       2
       1
       2
       2
       0
       1
       4
       0
       2
       1
       0
       1
       0
       1
       1
       1
       3
       1
       4
       1
       0
       1
       0
       2
       3
       0
       1
       1
       1
       0
       0
       1
       0
       0
       0
       1
       3
       1
       1
       0
       0
       2
       1
       1
       1
       3
       2
       0
       2
       2
       1
       0
       4
       0
       0
       2
       0
       0
       2
       0
       0
       2
       1
       3
       1
       0
       0
       0
       2
       1
       2
       2
       1
       0
       1
       1
       0
       0
       1
       1
       2
       3
       1
       1
       2
       1
       2
       2
       0
       1
       0
       0
       1
       2
       1
       4
       0
       0
       0
       1
       0
       1
       0
       0
       2
       0
       0
       0
       2
       1
       1
       0
       0
       0
       0
       0
       0
       0
       0
       0
       0
       1
       1
       1
       1
       1
       0
       1
       0
       1
       0
       2
       0
       0
       2
       1
       0
       1
       0
       0
       3
       1
       1
       0
       0
       0
       0
       0
       0
       0
       0
       0
       0
       0
       0
       1
       0
       1
       0
       1
       0
       0
       1
       1
       1
       1
       0
       0
       0
       1
       2
       0
       0
       1
       0
       0
       0
       0
       0
       0
       0
       0
       0
       0
       0
       1
       1
       0
       1
       0
       0
       1
       0
       0
       0
       0
       0
       2
       0
       0
       0
       0
       0
       2
       0
       1
       0
       1
       1
       1
       0
       2
       2
       0
       0
       0
       1
       1
       0
       0
       0
       0
       0
       2
       0
       1
       0
       0
       0
       2
       0
       1
       2
       1
       0
       1
       0
       0
       1
       2
       0
       0
       1
       0
       1
       2
       0
       0
       1
       1
       1
       2
       1
       0
       0
       0
       1
       0
       0
       0
       1
       0
       0
       1
       0
       0
       1
       0
       1
       2
       1
       0
       0
       1
       0
       1
       0
       0
       0
       0
$ROI:
0
$PRESETS:
None
0
0
$ENER_FIT:
0.000000 2.205567
$MCA_CAL:
3
0.000000E+000 2.205567E+000 0.000000E+000 keV
$SHAPE_CAL:
3
0.000000E+000 0.000000E+000 0.000000E+000
