$SPEC_ID:
No sample description was entered.
$SPEC_REM:
DET# 2
DETDESC# SPACESCIENCE8 digiBASE-RH SN 15121449
AP# Maestro Version 7.01
$DATE_MEA:
10/28/2025 11:58:55
$MEAS_TIM:
200 200
$DATA:
0 1023
       0
       0
       0
       0
       0
       0
       0
       0
       0
       0
       5
      58
      79
      70
      78
     108
      92
     114
     120
     119
     130
     144
     150
     168
     164
     169
     179
     180
     186
     203
     209
     213
     227
     229
     204
     206
     181
     196
     202
     200
     195
     201
     186
     170
     191
     184
     161
     147
     147
     129
     144
     138
     134
     129
     126
     116
     140
     138
     126
     120
     126
     123
      90
     112
     101
     101
      94
     113
     104
     114
      89
     102
     105
      90
      94
      98
     104
      97
      93
      94
     112
      90
     111
      87
      81
      88
      92
      97
      83
      78
      80
      76
      73
      84
     102
      81
      72
      78
      90
      88
      74
      74
      57
      64
      58
      76
      69
      61
      56
      56
      64
      59
      56
      55
      64
      63
      56
      58
      59
      47
      37
      44
      55
      46
      46
      52
      50
      53
      49
      47
      37
      50
      36
      51
      41
      43
      37
      30
      44
      46
      45
      48
      44
      46
      36
      37
      45
      36
      37
      34
      36
      41
      35
      46
      26
      41
      25
      34
      29
      30
      33
      23
      23
      24
      23
      28
      32
      23
      26
      29
      16
      27
      20
      25
      31
      27
      23
      29
      28
      28
      20
      18
      21
      19
      20
      20
      25
      21
      21
      21
      20
      12
      16
      28
      26
      16
      25
      22
      21
      21
      30
      26
      23
      29
      10
      27
      18
      19
      12
      14
      25
      15
      24
      16
      10
      17
      18
      15
      21
      24
      26
      19
      26
      20
      24
      17
      26
      13
      20
      14
      21
      13
      13
      16
      10
      28
      10
      19
      13
      19
      27
      13
      25
      22
      11
      20
      20
      20
      17
      18
      22
      15
      13
      25
      17
      18
      23
      28
      20
      13
      10
      13
      20
      24
      14
      15
      22
      24
      13
      19
      15
      18
      19
      29
      18
      21
      16
      21
      14
      18
      12
      20
      14
       8
      19
      17
      17
       9
      13
      13
      10
      13
      15
      17
      12
      15
      12
      15
      13
      19
      11
      12
      10
      15
      11
      10
      15
      10
      15
       7
      18
      11
       8
       7
       9
      10
       9
      16
      10
      12
      10
       8
       8
      11
       8
       6
       8
       4
      16
      13
       8
       7
      10
       7
       5
       8
       7
       7
       6
       5
      10
      12
      11
       9
       6
      10
       8
      12
       7
      11
       5
       4
       7
      17
       4
      11
      12
       6
       9
      14
       5
      10
       4
      12
       8
       7
       7
      10
       7
       4
       4
       9
       9
      10
       9
       7
       8
       8
      10
       5
      12
       8
       8
       7
       9
      11
       5
      10
       7
      10
       7
       9
       1
       6
       5
       5
       9
      11
       9
       6
       7
      10
       6
      13
       9
       8
       7
       5
       8
       4
       6
       7
      13
       6
      11
       5
       2
       5
       4
       9
      10
       5
       9
      11
      10
       2
       7
      11
       5
       3
       5
       4
       8
       5
       8
       5
       6
       6
       5
       5
       4
       2
       5
       5
       5
       8
       7
       3
       5
       6
       4
       2
       5
       2
       4
       3
       4
       4
       3
       6
       6
       2
       4
       1
       4
       5
       4
       5
       4
      12
       4
       3
       3
       3
       5
       3
       1
       6
       8
       5
       7
      10
      12
       7
      11
       4
      11
       5
      11
      12
      13
      10
      12
      13
      12
      10
      15
      11
      12
      12
       9
      13
       9
      13
      15
      16
      10
      12
      17
      12
      17
      18
      18
      26
      17
      15
      21
      19
      17
      21
      18
      11
      11
      18
      18
       9
      13
      20
      10
      16
       9
      12
      11
      13
      18
       7
      13
      19
      13
      16
      13
      12
      10
      12
      17
       7
       5
       7
      16
       6
      10
       8
       8
       7
       5
       6
       4
      10
       7
      10
      13
       9
      15
      13
       8
       7
      14
      11
      10
       6
       9
      19
       8
       9
      14
       8
       8
      19
       5
      17
      13
      13
      15
      12
       9
      16
      17
      15
      16
      17
      23
      12
      12
      20
      13
      20
      14
      11
       5
       5
      15
      12
      11
      12
      10
      10
      10
      13
      13
      14
      14
       6
      18
      15
       9
      13
      14
       7
       8
       9
       8
       8
      11
       6
       8
      11
       8
       6
       7
      13
       8
       9
       9
       7
       5
      12
       4
      12
      11
       4
       6
       3
      17
       7
       6
      15
       9
       6
      10
       6
       6
       5
       7
       3
       4
       6
       9
      12
       8
       6
       4
       6
       4
       3
       4
      13
       7
       3
       6
       6
       5
       3
       3
       3
       3
       4
       3
       4
       4
       1
       1
       2
       2
       2
       2
       3
       3
       1
       0
       2
       1
       2
       0
       1
       1
       2
       4
       1
       2
       2
       2
       1
       1
       1
       1
       1
       2
       0
       1
       0
       0
       0
       1
       0
       0
       1
       3
       0
       1
       1
       0
       1
       1
       1
       1
       1
       0
       3
       2
       3
       1
       0
       0
       1
       1
       2
       1
       2
       0
       0
       3
       2
       1
       2
       0
       0
       1
       2
       0
       0
       0
       3
       0
       1
       1
       0
       1
       4
       3
       0
       0
       1
       2
       0
       0
       2
       1
       2
       0
       0
       4
       1
       0
       1
       2
       3
       1
       0
       2
       1
       1
       3
       2
       3
       3
       0
       0
       1
       0
       1
       1
       1
       3
       0
       2
       2
       0
       0
       1
       1
       0
       0
       0
       2
       1
       0
       1
       0
       0
       1
       1
       1
       0
       1
       0
       1
       4
       2
       3
       0
       2
       2
       1
       0
       0
       0
       0
       3
       0
       2
       0
       0
       1
       0
       0
       0
       0
       1
       1
       0
       2
       1
       2
       0
       0
       0
       0
       1
       1
       0
       0
       0
       0
       1
       0
       1
       2
       0
       0
       0
       0
       1
       0
       1
       1
       0
       0
       0
       1
       0
       0
       0
       1
       0
       0
       0
       0
       1
       1
       0
       1
       0
       0
       0
       0
       0
       0
       0
       0
       0
       0
       1
       1
       0
       0
       0
       0
       0
       0
       1
       1
       0
       1
       1
       0
       0
       1
       0
       1
       1
       1
       0
       1
       0
       1
       0
       1
       0
       0
       0
       1
       0
       1
       0
       0
       1
       0
       1
       0
       0
       1
       3
       0
       0
       0
       2
       2
       1
       0
       0
       0
       1
       0
       1
       1
       2
       0
       1
       0
       1
       1
       1
       2
       2
       0
       1
       1
       1
       1
       0
       1
       0
       0
       0
       0
       1
       0
       0
       0
       0
       0
       1
       1
       0
       0
       1
       0
       0
       1
       0
       0
       1
       0
       1
       0
       0
       1
       1
       0
       0
       0
       1
       0
       0
       1
       1
       0
       0
       0
       0
       0
       0
       1
       0
       0
       1
       0
       0
       1
       1
       0
       2
       0
       0
       0
       0
       0
       0
       0
       2
       1
       0
       1
       0
$ROI:
0
$PRESETS:
None
0
0
$ENER_FIT:
0.000000 2.205567
$MCA_CAL:
3
0.000000E+000 2.205567E+000 0.000000E+000 keV
$SHAPE_CAL:
3
0.000000E+000 0.000000E+000 0.000000E+000
