$SPEC_ID:
No sample description was entered.
$SPEC_REM:
DET# 2
DETDESC# SPACESCIENCE8 digiBASE-RH SN 15121449
AP# Maestro Version 7.01
$DATE_MEA:
10/28/2025 11:53:31
$MEAS_TIM:
200 200
$DATA:
0 1023
       0
       0
       0
       0
       0
       0
       0
       0
       0
       0
       8
      52
      60
      80
      91
      82
      99
     101
     102
     115
     139
     118
     148
     169
     168
     171
     173
     182
     231
     181
     198
     182
     181
     212
     238
     195
     232
     205
     212
     202
     204
     180
     173
     168
     156
     159
     149
     165
     151
     134
     186
     158
     134
     143
     149
     149
     128
     120
     124
     135
     142
     124
     123
     131
     127
     108
     106
     110
     106
      93
      96
      86
      85
     107
     107
      96
     105
     105
      80
      87
      88
      96
      87
      89
      84
      88
      99
      90
      76
      91
      80
      85
      91
      79
      79
      83
      73
      90
      77
      90
      71
      74
      59
      76
      69
      60
      77
      53
      69
      63
      50
      62
      59
      67
      64
      56
      62
      59
      46
      52
      55
      50
      45
      56
      63
      71
      52
      43
      43
      61
      50
      45
      51
      38
      51
      46
      50
      42
      43
      32
      47
      39
      27
      35
      48
      46
      39
      45
      47
      30
      45
      43
      49
      48
      36
      28
      38
      32
      42
      29
      39
      39
      46
      23
      36
      24
      28
      26
      29
      23
      41
      28
      43
      25
      26
      37
      27
      25
      24
      21
      27
      35
      23
      24
      20
      32
      24
      24
      19
      16
      27
      26
      22
      24
      17
      31
      27
      23
      19
      24
      21
      25
      16
      11
      27
      28
      13
      17
      21
      16
      18
      18
      21
      27
      24
      18
      27
      23
      23
      21
      20
      23
      16
      20
      19
      10
      24
      15
      26
      25
      26
      26
      14
      20
      17
      22
      16
      17
      22
      18
      21
      24
      15
      22
      15
      16
      24
      15
      23
      20
      17
      21
      18
      20
      14
      16
      16
      20
      24
      21
      16
      22
      22
      20
      11
      23
      25
      21
      21
      25
      12
      14
      17
      19
      19
      16
      23
      13
      14
      23
      18
      14
      16
       7
      10
      12
      12
      20
      17
      16
      10
      11
      15
       9
       9
      12
       8
      16
      11
       8
      11
      10
      15
       6
      13
      15
      16
      21
      12
      11
      14
       8
       8
      10
       9
      16
      13
      10
      14
      15
       9
      12
       8
       8
       7
       9
      10
      10
       8
      12
      14
       7
       8
       4
       5
      13
      13
       8
      10
      14
       9
       7
       8
      12
       9
       8
      13
      11
      12
      10
       7
      12
       5
      10
       9
       7
       8
      13
       9
      10
       7
       8
       8
       8
       8
       8
      11
       9
      13
      10
      11
       8
       7
       8
       5
       5
      10
      12
       8
       9
      12
      18
       6
       7
      16
       9
       6
      14
      10
       9
       8
      10
      11
      14
      14
       8
      11
       6
      15
       9
       7
      13
      10
      11
       7
       7
       6
       9
       8
       5
       8
      10
       6
      13
      12
       8
       5
       8
       7
       6
       9
       7
       6
       8
       8
      13
       8
       8
       9
       7
       9
      10
      10
       8
      10
       8
       5
       6
       4
       6
       8
       8
       5
       5
       6
       9
      10
       3
       5
       5
      12
       4
       7
       7
       8
       5
       4
       6
      11
      12
       7
       7
       8
       4
       5
       6
       4
       8
       7
       5
       3
      11
       8
       2
       6
       8
       6
      13
       6
       9
      10
       4
       6
      11
       9
      14
       9
       8
      17
      16
       9
      16
      26
      20
      17
      18
      15
      11
      22
      25
      17
      24
      21
      25
      23
      29
      26
      22
      21
      24
      21
      21
      26
      23
      40
      22
      34
      34
      28
      21
      38
      21
      22
      36
      26
      15
      25
      22
      25
      24
      25
      25
      37
      25
      30
      20
      22
      16
      27
      23
      14
      14
      17
      16
      20
      19
      15
      17
      12
      10
      16
      13
      11
      15
      23
      16
      11
      10
      15
      11
      19
      19
      12
      19
      18
      20
      12
      13
      17
      15
      17
      19
      26
      15
      25
      15
      26
      20
      20
      24
      13
      25
      15
      21
      23
      22
      15
      28
      17
      30
      24
      27
      29
      22
      24
      24
      23
      19
      22
      15
      23
      24
      24
      21
      16
      29
      13
      13
      16
      12
      12
      14
      20
      21
      15
      17
       8
      18
      14
      11
      14
      14
      10
       8
      12
      13
       7
      10
       8
      16
      14
      13
      14
      14
      13
      10
       5
       3
       8
       3
       9
       6
       8
       4
      13
       9
       5
       3
       8
       6
       8
       5
       4
       6
       2
       2
       3
       7
       8
       2
       3
       4
       7
       3
       4
       5
       6
       6
      11
       4
       5
       4
       4
       5
       3
       7
       4
       3
       7
       3
       7
       0
       1
       4
       6
       1
       2
       3
       3
       1
       0
       0
       4
       0
       2
       4
       1
       2
       1
       1
       2
       2
       1
       1
       5
       0
       0
       0
       1
       3
       1
       2
       3
       1
       0
       0
       1
       2
       2
       0
       4
       2
       2
       1
       0
       0
       0
       0
       0
       2
       1
       3
       0
       0
       1
       0
       0
       0
       3
       2
       0
       1
       2
       1
       2
       2
       1
       2
       2
       1
       1
       1
       0
       2
       1
       2
       0
       2
       3
       4
       1
       3
       1
       1
       2
       4
       3
       2
       1
       2
       1
       0
       1
       1
       0
       3
       3
       1
       0
       2
       1
       3
       3
       5
       2
       3
       2
       2
       3
       1
       0
       1
       0
       0
       3
       1
       1
       1
       3
       1
       2
       0
       1
       1
       1
       1
       0
       2
       2
       1
       1
       0
       0
       0
       1
       1
       0
       1
       0
       2
       2
       1
       2
       1
       0
       1
       0
       0
       4
       0
       1
       0
       0
       0
       0
       0
       2
       1
       0
       1
       0
       2
       0
       2
       0
       1
       0
       0
       0
       1
       0
       0
       0
       0
       0
       0
       1
       0
       0
       0
       0
       0
       0
       0
       1
       1
       0
       1
       0
       0
       2
       0
       1
       0
       0
       1
       0
       2
       0
       0
       0
       0
       1
       0
       0
       1
       0
       1
       0
       1
       0
       1
       1
       0
       0
       0
       0
       0
       0
       0
       1
       0
       0
       1
       1
       0
       0
       0
       0
       0
       0
       0
       0
       1
       0
       0
       0
       1
       0
       1
       0
       0
       0
       0
       1
       0
       2
       0
       0
       2
       2
       0
       0
       1
       0
       0
       0
       0
       0
       1
       0
       0
       0
       1
       1
       1
       1
       0
       1
       2
       0
       1
       0
       0
       1
       0
       1
       2
       0
       0
       1
       2
       1
       0
       1
       1
       0
       2
       1
       0
       3
       1
       0
       0
       1
       0
       2
       0
       0
       0
       1
       1
       1
       1
       1
       0
       1
       0
       0
       1
       0
       0
       0
       1
       1
       1
       3
       0
       0
       1
       0
       0
       0
       0
       0
       0
       0
       0
       0
       1
       1
       0
       0
       1
       0
       0
       0
       2
       0
       0
       0
       0
       0
       2
$ROI:
0
$PRESETS:
None
0
0
$ENER_FIT:
0.000000 2.205567
$MCA_CAL:
3
0.000000E+000 2.205567E+000 0.000000E+000 keV
$SHAPE_CAL:
3
0.000000E+000 0.000000E+000 0.000000E+000
