$SPEC_ID:
No sample description was entered.
$SPEC_REM:
DET# 2
DETDESC# SPACESCIENCE8 digiBASE-RH SN 15121449
AP# Maestro Version 7.01
$DATE_MEA:
10/28/2025 11:48:49
$MEAS_TIM:
200 200
$DATA:
0 1023
       0
       0
       0
       0
       0
       0
       0
       0
       0
       0
       7
      49
      66
      76
      69
      80
     100
     104
     133
     139
     125
     154
     146
     159
     169
     164
     184
     187
     196
     234
     257
     223
     204
     224
     229
     232
     208
     199
     186
     209
     192
     189
     177
     135
     160
     143
     153
     157
     150
     146
     141
     140
     137
     145
     146
     128
     117
     120
     139
     127
     119
     134
     127
     124
     123
     112
     102
     108
     102
     114
     117
      93
      95
      82
     103
     102
      95
      82
      95
      94
      94
      96
      93
      90
      78
      94
      74
      88
      75
      90
      83
      72
      68
      83
      77
      67
      78
      87
      66
      78
      68
      61
      71
      63
      57
      70
      64
      68
      64
      62
      53
      61
      75
      66
      47
      65
      48
      56
      55
      42
      59
      56
      47
      45
      45
      57
      39
      55
      59
      47
      51
      45
      36
      40
      41
      55
      44
      52
      56
      41
      46
      38
      38
      45
      33
      43
      43
      40
      39
      34
      55
      34
      44
      38
      45
      38
      35
      29
      35
      31
      35
      36
      20
      27
      35
      25
      32
      47
      38
      30
      22
      31
      30
      26
      30
      21
      28
      21
      24
      24
      13
      15
      29
      20
      31
      21
      20
      26
      17
      22
      22
      21
      21
      19
      26
      21
      22
      13
      22
      26
      18
      24
      22
      15
      21
      25
      19
      24
      21
      22
      25
      21
      19
      24
      20
      20
      25
      20
      22
      27
      19
      21
      34
      30
      13
      15
      12
      16
      24
      26
      19
      18
      15
      17
      13
      27
      14
      19
      16
      18
      17
      19
      15
      18
      11
      14
      15
      16
      18
      17
      19
      23
      13
      29
      19
      17
      15
      23
       9
      17
      20
      22
      22
      15
      16
      20
      15
      20
      17
      23
      18
      12
      15
      21
      23
      21
      16
      21
      14
      19
      17
      12
      16
      21
      23
      17
       8
      17
      24
      19
      18
      10
      22
       8
       9
      19
       8
      15
      11
      11
      18
      11
      16
      17
      13
      23
      17
      13
      16
      14
      15
       9
       7
       9
      12
      14
      15
      13
       9
      11
      11
      11
      17
       8
      12
      12
       7
      10
       8
       8
      10
      10
       7
      15
       6
       6
      10
       6
      10
      16
       7
      10
      11
      11
       7
      10
       9
      12
      10
       6
      10
       6
       6
       6
      11
      12
       8
       7
       9
      18
       7
      10
      10
       7
       9
       7
       5
      11
       9
       0
       7
       9
       9
      11
       7
       5
       6
       6
      11
      11
       8
       5
       9
       9
       6
      11
      12
       9
      11
       8
       7
       5
       8
       8
       8
       4
       8
       5
       8
      11
      10
       9
       8
      10
       7
       6
       7
      13
      13
       8
      13
       8
       4
      10
       6
      10
       8
       6
       6
       4
       7
      10
       8
       4
       7
       9
       6
       6
       8
       6
       5
       9
       8
       5
       9
      10
       7
       3
       8
       4
       9
       2
       6
       6
       5
       5
       9
       4
       6
       4
       8
      11
       5
       6
       4
       6
       4
       6
       5
       6
       4
       7
       6
       6
       7
       7
       2
       6
       9
       4
       5
       9
       5
       7
       7
       7
       6
       7
       6
       7
       5
      13
       7
      16
      11
       8
      13
      16
      13
       8
      11
      12
      19
      13
       9
      17
      17
      13
      13
      20
      19
      14
      17
      23
      23
      17
      23
      23
      13
      20
      20
      19
      36
      22
      26
      25
      19
      19
      22
      15
      22
      27
      30
      17
      33
      21
      33
      22
      20
      22
      26
      26
      26
      19
      19
      18
      24
      15
      21
      19
      24
      17
      16
      14
      15
      21
      19
      13
      15
      17
      14
       8
      15
      14
      11
      10
      16
      10
      14
      14
      13
       8
       9
      15
       9
      12
      14
      17
      14
      15
      14
       9
      17
      18
      16
      19
      18
      14
      15
      18
      20
      12
      18
      18
      14
      10
      23
      20
      15
      22
      11
      17
      13
      18
      14
      22
      14
      22
      19
      17
      29
      19
      15
      15
      15
      17
      15
      17
       9
      13
      17
      12
      13
      19
      13
      11
      11
      12
      12
      14
      14
      16
      17
       8
      11
       7
      14
       9
      10
       6
      13
       9
       6
       4
      12
       8
       5
       9
       5
       4
       9
       9
       7
       6
       5
       8
       9
       5
      12
       8
       6
      12
       7
       6
      10
       4
       6
       8
       7
      11
       3
       6
       4
       5
       4
       6
       3
       5
       4
       2
       3
       6
       2
       3
       5
       2
       3
       3
       7
       3
       3
       0
       0
       2
       1
       2
       2
       3
       1
       3
       2
       6
       1
       2
       2
       4
       0
       1
       1
       1
       4
       2
       2
       4
       1
       1
       1
       1
       0
       0
       1
       5
       0
       2
       1
       3
       1
       1
       3
       0
       1
       1
       1
       0
       1
       3
       0
       0
       3
       1
       1
       2
       2
       2
       2
       0
       0
       2
       1
       0
       0
       1
       2
       0
       1
       4
       1
       0
       2
       1
       1
       0
       0
       0
       0
       2
       1
       1
       0
       5
       0
       1
       0
       2
       1
       0
       2
       2
       1
       0
       1
       1
       5
       1
       1
       2
       0
       4
       2
       0
       3
       2
       2
       3
       5
       1
       2
       2
       2
       1
       4
       1
       2
       1
       1
       1
       2
       0
       1
       0
       0
       3
       1
       1
       1
       2
       2
       2
       2
       0
       1
       0
       2
       3
       1
       1
       0
       3
       0
       0
       0
       0
       1
       0
       0
       0
       2
       3
       3
       1
       1
       0
       0
       1
       0
       0
       1
       0
       2
       1
       0
       0
       0
       1
       0
       0
       1
       0
       1
       0
       0
       0
       0
       0
       0
       1
       0
       1
       1
       1
       0
       1
       1
       1
       0
       2
       1
       0
       0
       0
       1
       0
       0
       0
       0
       1
       1
       1
       0
       0
       0
       0
       1
       1
       2
       1
       1
       0
       0
       1
       0
       1
       0
       0
       0
       1
       0
       0
       0
       0
       0
       2
       1
       0
       1
       1
       1
       0
       1
       0
       0
       0
       0
       0
       1
       0
       1
       1
       0
       0
       0
       1
       1
       1
       0
       0
       0
       0
       0
       0
       1
       0
       1
       0
       0
       1
       2
       1
       1
       2
       0
       1
       1
       0
       1
       1
       1
       3
       0
       0
       0
       0
       2
       0
       0
       0
       0
       3
       0
       0
       0
       1
       0
       0
       2
       0
       0
       1
       0
       1
       3
       1
       0
       1
       0
       2
       0
       0
       1
       1
       0
       0
       1
       0
       2
       0
       0
       0
       1
       0
       1
       1
       1
       0
       2
       1
       0
       0
       2
       0
       0
       0
       1
       0
       0
       1
       2
       0
       0
       0
       0
       1
       0
       0
       0
       0
       0
       0
       0
       1
       0
       0
       0
       0
$ROI:
0
$PRESETS:
None
0
0
$ENER_FIT:
0.000000 2.205567
$MCA_CAL:
3
0.000000E+000 2.205567E+000 0.000000E+000 keV
$SHAPE_CAL:
3
0.000000E+000 0.000000E+000 0.000000E+000
