$SPEC_ID:
No sample description was entered.
$SPEC_REM:
DET# 2
DETDESC# SPACESCIENCE8 digiBASE-RH SN 15121449
AP# Maestro Version 7.01
$DATE_MEA:
11/04/2025 13:30:21
$MEAS_TIM:
120 120
$DATA:
0 1023
       0
       0
       0
       0
       0
       0
       0
       0
       0
       0
      91
    1098
    1271
    1160
    1004
     776
     629
     502
     367
     345
     341
     307
     315
     308
     296
     307
     325
     326
     351
     336
     358
     332
     398
     383
     398
     375
     354
     421
     371
     372
     394
     383
     381
     387
     415
     332
     380
     383
     384
     410
     387
     387
     394
     413
     394
     375
     373
     403
     393
     424
     421
     410
     395
     371
     441
     382
     415
     414
     434
     442
     425
     475
     473
     437
     464
     493
     491
     530
     488
     507
     531
     448
     478
     508
     485
     463
     470
     454
     444
     395
     470
     401
     423
     431
     413
     413
     379
     427
     353
     425
     336
     373
     409
     381
     371
     394
     335
     350
     352
     351
     336
     327
     299
     338
     344
     276
     299
     325
     318
     334
     309
     275
     300
     276
     267
     299
     285
     244
     287
     287
     263
     235
     253
     236
     263
     257
     261
     244
     249
     228
     236
     218
     203
     214
     230
     235
     206
     230
     196
     212
     205
     186
     190
     191
     222
     210
     202
     202
     215
     168
     209
     202
     205
     205
     200
     205
     197
     168
     179
     215
     178
     161
     196
     158
     187
     177
     174
     166
     148
     146
     173
     172
     158
     142
     131
     140
     150
     149
     146
     156
     135
     152
     126
     136
     128
     133
     133
     128
     109
     123
     115
     120
     100
     110
      95
      83
     103
      85
      94
      84
      90
      70
      88
      79
      69
      47
      61
      75
      50
      64
      58
      70
      59
      57
      53
      62
      66
      58
      62
      60
      66
      69
      54
      72
      81
      73
      72
      88
     100
      82
     103
     122
     125
     148
     156
     159
     217
     207
     258
     281
     299
     377
     441
     492
     523
     537
     635
     709
     759
     824
     855
    1055
    1123
    1186
    1234
    1266
    1361
    1459
    1569
    1587
    1651
    1719
    1738
    1834
    1914
    1816
    1857
    1899
    1925
    1904
    1861
    1857
    1866
    1841
    1714
    1771
    1704
    1618
    1478
    1414
    1363
    1217
    1207
    1134
    1031
     961
     864
     829
     716
     644
     603
     539
     526
     443
     387
     320
     304
     281
     216
     193
     161
     177
     132
     109
      80
      82
      79
      70
      54
      41
      34
      30
      25
      21
      22
      21
      12
      16
      14
      11
       7
       8
       5
       8
       2
       3
       3
       5
       5
       4
       4
       7
       5
       1
       5
       5
       1
       4
       3
       6
       5
       3
       3
       3
       5
       1
       0
       2
       4
       4
       4
       3
       1
       8
       2
       6
      10
       3
       3
       5
       4
       5
       4
       5
       5
       1
       2
       2
       1
       4
       1
       6
       2
       7
       6
       2
       0
       3
       2
       4
       7
       4
       3
       8
       2
       2
       5
       2
       1
       5
       1
       3
       7
       6
       6
       1
       1
       2
       3
       4
       2
       3
       4
       3
       2
       1
       4
       2
       1
       0
       0
       2
       1
       2
       3
       4
       3
       2
       6
       2
       1
       2
       0
       3
       3
       1
       6
       4
       3
       2
       3
       3
       0
       5
       0
       2
       2
       3
       0
       4
       2
       2
       4
       7
       1
       3
       1
       2
       3
       3
       2
       3
       1
       2
       3
       3
       3
       3
       4
       1
       8
       4
       5
       5
       0
       3
       0
       7
       4
       0
       5
       3
       4
       7
       1
       1
       1
       4
       3
       2
       5
       2
       1
       0
       4
       7
       1
       2
       4
       2
       3
       1
       3
       4
       2
       0
       2
       1
       3
       1
       6
       1
       3
       1
       1
       2
       2
       0
       4
       4
       1
       1
       4
       1
       3
       1
       3
       3
       0
       4
       3
       0
       2
       2
       3
       1
       2
       0
       1
       2
       1
       3
       1
       2
       0
       2
       1
       2
       5
       2
       2
       2
       0
       1
       0
       4
       2
       4
       2
       1
       1
       2
       1
       1
       0
       2
       2
       1
       1
       1
       3
       0
       2
       2
       0
       3
       2
       2
       1
       2
       2
       1
       2
       3
       0
       5
       2
       0
       3
       0
       4
       1
       3
       3
       2
       2
       3
       6
       1
       9
       1
       6
       5
       6
       3
       5
       3
       5
       5
       4
       2
       8
       5
       2
       8
       6
       3
       3
       5
       5
       3
       4
       6
       3
       7
       5
       7
       4
       1
       3
       6
       4
       2
       4
       6
       0
       5
       3
       2
       5
       2
       4
       1
       2
       1
       3
       1
       2
       0
       0
       2
       4
       1
       2
       2
       0
       0
       2
       1
       1
       1
       1
       1
       0
       0
       1
       0
       0
       0
       3
       0
       0
       0
       0
       0
       0
       0
       0
       0
       1
       0
       0
       0
       0
       0
       2
       0
       0
       0
       2
       3
       1
       1
       0
       0
       3
       1
       0
       1
       1
       0
       0
       0
       0
       1
       1
       0
       1
       1
       0
       2
       0
       1
       0
       0
       2
       1
       0
       0
       0
       0
       2
       2
       2
       1
       1
       1
       0
       0
       0
       1
       2
       0
       0
       1
       0
       1
       3
       2
       2
       2
       2
       0
       2
       0
       2
       2
       1
       0
       1
       0
       0
       1
       1
       1
       1
       0
       1
       0
       1
       1
       1
       0
       1
       0
       0
       0
       1
       0
       0
       1
       0
       0
       0
       1
       3
       2
       0
       1
       0
       0
       0
       0
       0
       0
       1
       0
       1
       0
       2
       2
       0
       1
       0
       0
       0
       0
       1
       1
       0
       1
       1
       0
       0
       1
       0
       0
       0
       0
       1
       2
       1
       0
       0
       0
       0
       0
       1
       0
       0
       1
       0
       0
       0
       0
       0
       0
       0
       1
       0
       0
       0
       0
       0
       0
       0
       0
       0
       0
       0
       0
       0
       0
       0
       1
       0
       1
       0
       0
       0
       1
       0
       0
       0
       0
       0
       0
       1
       0
       0
       0
       0
       1
       0
       1
       1
       0
       0
       0
       0
       0
       0
       0
       2
       0
       0
       1
       1
       0
       1
       1
       0
       0
       0
       1
       0
       0
       0
       0
       0
       0
       1
       0
       0
       0
       1
       0
       0
       0
       1
       0
       0
       0
       0
       0
       0
       1
       3
       0
       0
       0
       0
       0
       2
       0
       1
       0
       0
       0
       0
       0
       1
       0
       0
       0
       0
       0
       0
       0
       0
       0
       0
       0
       0
       1
       0
       0
       1
       0
       0
       1
       0
       0
       0
       1
       2
       0
       0
       1
       0
       0
       0
       0
       0
       0
       0
       0
       0
       0
       0
       2
       0
       0
       0
       1
       0
       0
       0
       0
       0
       1
       0
       1
       0
       0
       0
       0
       0
       0
       1
       0
       0
       0
       0
       0
       0
       0
       0
       0
       0
       0
       0
       0
       0
       0
       1
       1
       0
       0
       0
       0
       0
       0
       0
       0
       0
       0
       0
       1
       0
       0
       0
       0
       0
       0
       0
       0
       0
       0
       0
       0
       0
       0
       0
$ROI:
0
$PRESETS:
None
0
0
$ENER_FIT:
0.000000 2.205567
$MCA_CAL:
3
0.000000E+000 2.205567E+000 0.000000E+000 keV
$SHAPE_CAL:
3
0.000000E+000 0.000000E+000 0.000000E+000
