$SPEC_ID:
No sample description was entered.
$SPEC_REM:
DET# 1
DETDESC# SPACESCIENCE4 digiBASE-RH SN 15121435
AP# Maestro Version 7.01
$DATE_MEA:
10/21/2025 12:28:00
$MEAS_TIM:
136 136
$DATA:
0 1023
       0
       0
       0
       0
       0
       0
       0
       0
       0
       0
       0
       0
       0
       0
       0
       1
      29
      37
      49
      33
      38
      45
      39
      37
      39
      43
      45
      56
      50
      62
      60
      68
      76
      92
      89
      82
      77
     104
      84
      94
      97
      98
      94
     103
      90
     100
      93
     107
      94
     110
      94
      94
      97
      99
      84
      85
     111
      85
      94
      88
      91
      87
      83
      80
      83
      86
      85
      67
      87
      68
      62
      81
      56
      63
      62
      59
      81
      57
      54
      74
      49
      48
      56
      65
      54
      54
      52
      34
      48
      59
      51
      39
      49
      46
      42
      55
      31
      28
      42
      50
      41
      42
      40
      39
      36
      31
      30
      37
      20
      39
      41
      31
      31
      50
      33
      33
      26
      30
      29
      33
      28
      31
      21
      36
      21
      25
      26
      28
      31
      34
      20
      23
      20
      20
      20
      24
      25
      16
      16
      16
      17
      11
      14
      24
      22
      17
      10
      16
      14
      16
      12
      18
      11
      24
      21
      18
      18
      16
      12
      10
      13
      15
      19
      13
      16
      18
      11
      11
      14
      10
      12
      13
       8
       7
      11
      10
       9
      11
      14
       8
       9
      10
      10
      11
      15
       6
      18
      13
       8
       7
      10
      10
       7
       8
       8
       9
      10
       9
      14
       4
      10
      12
       6
       9
       8
       5
       4
       2
      10
       6
      11
       8
       4
       6
       4
       3
       1
       3
       8
       5
       8
       6
       7
       4
       6
       1
       9
       6
       6
       8
       7
       6
       9
       5
       4
       4
      10
       5
       4
       4
       5
       5
       5
      10
       4
       5
       6
       6
       5
       7
       5
       9
       5
       4
       7
       9
       2
       4
       3
       6
       4
       6
       2
       7
       8
       8
       2
       6
       5
       3
      10
       6
       7
       6
       5
       5
       9
       4
       6
       4
       4
       1
       4
       2
       3
       3
       5
       0
       4
       1
       4
       6
       2
       3
       3
       2
       2
       2
       4
       5
       3
       3
       3
       1
       4
       3
       4
       4
       5
       2
       1
       2
       1
       2
       5
       4
       4
       6
       0
       9
       3
       4
       2
       6
       5
       5
       1
       2
       1
       4
       2
       3
       2
       3
       3
       3
       5
       1
       2
       1
       3
       3
       3
       3
       4
       1
       1
       3
       3
       6
       2
       5
       1
       2
       5
       1
       3
       6
       1
       2
       2
       3
       3
       4
       2
       2
       1
       3
       3
       1
       0
       3
       4
       2
       3
       2
       2
       0
       2
       0
       1
       5
       5
       1
       4
       4
       2
       1
       1
       0
       3
       2
       2
       1
       2
       1
       4
       1
       3
       0
       1
       2
       0
       2
       2
       2
       8
       3
       3
       3
       1
       3
       2
       2
       3
       0
       3
       1
       2
       1
       2
       3
       5
       1
       1
       1
       2
       2
       1
       2
       3
       1
       1
       1
       4
       1
       2
       1
       2
       0
       2
       1
       1
       1
       0
       2
       2
       0
       5
       0
       5
       1
       3
       1
       0
       1
       2
       2
       3
       3
       2
       0
       2
       2
       2
       2
       0
       1
       3
       2
       2
       0
       2
       0
       1
       0
       4
       1
       2
       2
       0
       1
       0
       1
       1
       2
       1
       2
       0
       0
       1
       2
       0
       4
       1
       1
       2
       2
       3
       3
       2
       3
       0
       3
       1
       0
       2
       3
       3
       1
       1
       0
       0
       0
       1
       0
       1
       2
       0
       0
       2
       0
       1
       1
       0
       3
       1
       0
       2
       2
       1
       1
       1
       1
       1
       2
       0
       0
       1
       0
       2
       2
       1
       1
       2
       1
       0
       2
       1
       1
       0
       1
       0
       2
       2
       2
       1
       0
       0
       1
       0
       1
       0
       1
       1
       2
       2
       0
       0
       0
       1
       0
       1
       1
       1
       0
       2
       2
       0
       2
       0
       0
       3
       5
       0
       0
       1
       0
       1
       2
       1
       1
       1
       1
       0
       1
       2
       1
       3
       3
       2
       1
       3
       0
       2
       1
       1
       2
       0
       0
       4
       1
       6
       2
       2
       2
       2
       1
       3
       2
       1
       1
       0
       4
       0
       1
       2
       3
       1
       2
       1
       0
       0
       0
       2
       0
       2
       3
       1
       1
       0
       3
       2
       1
       1
       2
       0
       1
       0
       1
       0
       1
       1
       1
       0
       4
       0
       1
       1
       0
       1
       0
       1
       1
       0
       1
       0
       1
       0
       2
       0
       0
       0
       0
       0
       0
       1
       0
       0
       0
       0
       0
       1
       0
       1
       1
       2
       0
       1
       0
       2
       0
       0
       0
       2
       0
       1
       1
       1
       0
       0
       0
       0
       0
       0
       1
       2
       0
       2
       2
       0
       0
       1
       0
       0
       0
       0
       2
       0
       0
       0
       1
       0
       1
       0
       0
       1
       0
       0
       0
       0
       0
       1
       1
       0
       1
       0
       0
       1
       1
       0
       0
       0
       0
       0
       0
       2
       0
       0
       0
       0
       0
       0
       0
       0
       1
       0
       0
       0
       0
       1
       0
       0
       0
       0
       2
       0
       1
       1
       0
       1
       0
       0
       0
       1
       1
       0
       0
       1
       0
       0
       0
       1
       0
       0
       0
       1
       0
       0
       1
       0
       0
       0
       0
       0
       1
       1
       0
       0
       1
       0
       1
       0
       0
       0
       0
       0
       0
       0
       0
       1
       1
       0
       0
       0
       0
       0
       0
       0
       0
       0
       1
       0
       1
       0
       1
       0
       0
       0
       0
       1
       0
       0
       0
       0
       0
       0
       1
       0
       0
       0
       1
       0
       0
       0
       1
       0
       0
       1
       0
       0
       0
       0
       0
       0
       0
       0
       1
       1
       0
       0
       0
       0
       0
       0
       0
       0
       0
       0
       0
       0
       0
       0
       0
       0
       0
       0
       0
       0
       0
       0
       0
       0
       0
       0
       0
       0
       0
       0
       0
       0
       0
       1
       0
       0
       0
       0
       0
       0
       0
       0
       0
       0
       0
       0
       0
       0
       0
       0
       0
       0
       0
       1
       1
       0
       0
       0
       0
       0
       0
       0
       0
       0
       0
       0
       0
       0
       0
       0
       0
       0
       0
       1
       0
       0
       0
       0
       0
       0
       0
       0
       0
       0
       0
       1
       0
       0
       0
       0
       0
       0
       0
       0
       0
       0
       0
       0
       0
       0
       0
       0
       0
       1
       0
       1
       0
       0
       0
       0
       0
       0
       0
       0
       0
       1
       0
       0
       0
       0
       0
       0
       0
       0
       0
       0
       0
       0
       0
       0
       0
       0
       0
       0
       0
       0
       0
       0
       0
       0
       0
       0
       0
       0
       0
       0
       0
       0
       0
       0
       0
       0
       0
       0
       0
       0
       1
       0
       0
       0
       0
       0
       0
       0
       0
$ROI:
0
$PRESETS:
None
0
0
$ENER_FIT:
-10.130505 2.230151
$MCA_CAL:
3
-1.013050E+001 2.230151E+000 -7.695740E-005 keV
$SHAPE_CAL:
3
6.128848E+000 7.994157E-002 -1.373380E-004
